
[1, 1]
[2, 2]
[3, 3]
[4, 4]
[5, 5]
[6, 6]


[1, 1] [2, 2]
True
[1, 1]
[2, 2]
[3, 3]
[4, 4]
[5, 5]
[6, 6]
True

[1, 1] [3, 3]
True
[1, 1]
[2, 2]
[3, 3]
[4, 4]
[5, 5]
[6, 6]
True

[1, 1] [4, 4]
True
[1, 1]
[2, 2]
[3, 3]
[4, 4]
[5, 5]
[6, 6]
True

[1, 1] [5, 5]
True
[1, 1]
[2, 2]
[3, 3]
[4, 4]
[5, 5]
[6, 6]
True

[1, 1] [6, 6]
True
[1, 1]
[2, 2]
[3, 3]
[4, 4]
[5, 5]
[6, 6]
True

[2, 2] [1, 1]
True
[1, 1]
[2, 2]
[3, 3]
[4, 4]
[5, 5]
[6, 6]
True

[2, 2] [3, 3]
True
[1, 1]
[2, 2]
[3, 3]
[4, 4]
[5, 5]
[6, 6]
True

[2, 2] [4, 4]
True
[1, 1]
[2, 2]
[3, 3]
[4, 4]
[5, 5]
[6, 6]
True

[2, 2] [5, 5]
True
[1, 1]
[2, 2]
[3, 3]
[4, 4]
[5, 5]
[6, 6]
True

[2, 2] [6, 6]
True
[1, 1]
[2, 2]
[3, 3]
[4, 4]
[5, 5]
[6, 6]
True

[3, 3] [1, 1]
True
[1, 1]
[2, 2]
[3, 3]
[4, 4]
[5, 5]
[6, 6]
True

[3, 3] [2, 2]
True
[1, 1]
[2, 2]
[3, 3]
[4, 4]
[5, 5]
[6, 6]
True

[3, 3] [4, 4]
True
[1, 1]
[2, 2]
[3, 3]
[4, 4]
[5, 5]
[6, 6]
True

[3, 3] [5, 5]
True
[1, 1]
[2, 2]
[3, 3]
[4, 4]
[5, 5]
[6, 6]
True

[3, 3] [6, 6]
True
[1, 1]
[2, 2]
[3, 3]
[4, 4]
[5, 5]
[6, 6]
True

[4, 4] [1, 1]
True
[1, 1]
[2, 2]
[3, 3]
[4, 4]
[5, 5]
[6, 6]
True

[4, 4] [2, 2]
True
[1, 1]
[2, 2]
[3, 3]
[4, 4]
[5, 5]
[6, 6]
True

[4, 4] [3, 3]
True
[1, 1]
[2, 2]
[3, 3]
[4, 4]
[5, 5]
[6, 6]
True

[4, 4] [5, 5]
True
[1, 1]
[2, 2]
[3, 3]
[4, 4]
[5, 5]
[6, 6]
True

[4, 4] [6, 6]
True
[1, 1]
[2, 2]
[3, 3]
[4, 4]
[5, 5]
[6, 6]
True

[5, 5] [1, 1]
True
[1, 1]
[2, 2]
[3, 3]
[4, 4]
[5, 5]
[6, 6]
True

[5, 5] [2, 2]
True
[1, 1]
[2, 2]
[3, 3]
[4, 4]
[5, 5]
[6, 6]
True

[5, 5] [3, 3]
True
[1, 1]
[2, 2]
[3, 3]
[4, 4]
[5, 5]
[6, 6]
True

[5, 5] [4, 4]
True
[1, 1]
[2, 2]
[3, 3]
[4, 4]
[5, 5]
[6, 6]
True

[5, 5] [6, 6]
True
[1, 1]
[2, 2]
[3, 3]
[4, 4]
[5, 5]
[6, 6]
True

[6, 6] [1, 1]
True
[1, 1]
[2, 2]
[3, 3]
[4, 4]
[5, 5]
[6, 6]
True

[6, 6] [2, 2]
True
[1, 1]
[2, 2]
[3, 3]
[4, 4]
[5, 5]
[6, 6]
True

[6, 6] [3, 3]
True
[1, 1]
[2, 2]
[3, 3]
[4, 4]
[5, 5]
[6, 6]
True

[6, 6] [4, 4]
True
[1, 1]
[2, 2]
[3, 3]
[4, 4]
[5, 5]
[6, 6]
True

[6, 6] [5, 5]
True
[1, 1]
[2, 2]
[3, 3]
[4, 4]
[5, 5]
[6, 6]
True
0 None

[[[0, [4, 5]], [0, 0]], [[[4, 5], [2, 6]], [9, 5]]]
[7, [[[3, 7], [4, 3]], [[6, 3], [8, 8]]]]
[[2, [[0, 8], [3, 4]]], [[[6, 7], 1], [7, [1, 6]]]]
[[[[2, 4], 7], [6, [0, 5]]], [[[6, 8], [2, 8]], [[2, 1], [4, 5]]]]
[7, [5, [[3, 8], [1, 4]]]]
[[2, [2, 2]], [8, [8, 1]]]
[2, 9]
[1, [[[9, 3], 9], [[9, 0], [0, 7]]]]
[[[5, [7, 4]], 7], 1]
[[[[4, 2], 2], 6], [8, 7]]


[[[0, [4, 5]], [0, 0]], [[[4, 5], [2, 6]], [9, 5]]] [7, [[[3, 7], [4, 3]], [[6, 3], [8, 8]]]]
True
[[[0, [4, 5]], [0, 0]], [[[4, 5], [2, 6]], [9, 5]]]
[7, [[[3, 7], [4, 3]], [[6, 3], [8, 8]]]]
[[2, [[0, 8], [3, 4]]], [[[6, 7], 1], [7, [1, 6]]]]
[[[[2, 4], 7], [6, [0, 5]]], [[[6, 8], [2, 8]], [[2, 1], [4, 5]]]]
[7, [5, [[3, 8], [1, 4]]]]
[[2, [2, 2]], [8, [8, 1]]]
[2, 9]
[1, [[[9, 3], 9], [[9, 0], [0, 7]]]]
[[[5, [7, 4]], 7], 1]
[[[[4, 2], 2], 6], [8, 7]]
True

[[[0, [4, 5]], [0, 0]], [[[4, 5], [2, 6]], [9, 5]]] [[2, [[0, 8], [3, 4]]], [[[6, 7], 1], [7, [1, 6]]]]
True
[[[0, [4, 5]], [0, 0]], [[[4, 5], [2, 6]], [9, 5]]]
[7, [[[3, 7], [4, 3]], [[6, 3], [8, 8]]]]
[[2, [[0, 8], [3, 4]]], [[[6, 7], 1], [7, [1, 6]]]]
[[[[2, 4], 7], [6, [0, 5]]], [[[6, 8], [2, 8]], [[2, 1], [4, 5]]]]
[7, [5, [[3, 8], [1, 4]]]]
[[2, [2, 2]], [8, [8, 1]]]
[2, 9]
[1, [[[9, 3], 9], [[9, 0], [0, 7]]]]
[[[5, [7, 4]], 7], 1]
[[[[4, 2], 2], 6], [8, 7]]
True

[[[0, [4, 5]], [0, 0]], [[[4, 5], [2, 6]], [9, 5]]] [[[[2, 4], 7], [6, [0, 5]]], [[[6, 8], [2, 8]], [[2, 1], [4, 5]]]]
True
[[[0, [4, 5]], [0, 0]], [[[4, 5], [2, 6]], [9, 5]]]
[7, [[[3, 7], [4, 3]], [[6, 3], [8, 8]]]]
[[2, [[0, 8], [3, 4]]], [[[6, 7], 1], [7, [1, 6]]]]
[[[[2, 4], 7], [6, [0, 5]]], [[[6, 8], [2, 8]], [[2, 1], [4, 5]]]]
[7, [5, [[3, 8], [1, 4]]]]
[[2, [2, 2]], [8, [8, 1]]]
[2, 9]
[1, [[[9, 3], 9], [[9, 0], [0, 7]]]]
[[[5, [7, 4]], 7], 1]
[[[[4, 2], 2], 6], [8, 7]]
True

[[[0, [4, 5]], [0, 0]], [[[4, 5], [2, 6]], [9, 5]]] [7, [5, [[3, 8], [1, 4]]]]
True
[[[0, [4, 5]], [0, 0]], [[[4, 5], [2, 6]], [9, 5]]]
[7, [[[3, 7], [4, 3]], [[6, 3], [8, 8]]]]
[[2, [[0, 8], [3, 4]]], [[[6, 7], 1], [7, [1, 6]]]]
[[[[2, 4], 7], [6, [0, 5]]], [[[6, 8], [2, 8]], [[2, 1], [4, 5]]]]
[7, [5, [[3, 8], [1, 4]]]]
[[2, [2, 2]], [8, [8, 1]]]
[2, 9]
[1, [[[9, 3], 9], [[9, 0], [0, 7]]]]
[[[5, [7, 4]], 7], 1]
[[[[4, 2], 2], 6], [8, 7]]
True

[[[0, [4, 5]], [0, 0]], [[[4, 5], [2, 6]], [9, 5]]] [[2, [2, 2]], [8, [8, 1]]]
True
[[[0, [4, 5]], [0, 0]], [[[4, 5], [2, 6]], [9, 5]]]
[7, [[[3, 7], [4, 3]], [[6, 3], [8, 8]]]]
[[2, [[0, 8], [3, 4]]], [[[6, 7], 1], [7, [1, 6]]]]
[[[[2, 4], 7], [6, [0, 5]]], [[[6, 8], [2, 8]], [[2, 1], [4, 5]]]]
[7, [5, [[3, 8], [1, 4]]]]
[[2, [2, 2]], [8, [8, 1]]]
[2, 9]
[1, [[[9, 3], 9], [[9, 0], [0, 7]]]]
[[[5, [7, 4]], 7], 1]
[[[[4, 2], 2], 6], [8, 7]]
True

[[[0, [4, 5]], [0, 0]], [[[4, 5], [2, 6]], [9, 5]]] [2, 9]
True
[[[0, [4, 5]], [0, 0]], [[[4, 5], [2, 6]], [9, 5]]]
[7, [[[3, 7], [4, 3]], [[6, 3], [8, 8]]]]
[[2, [[0, 8], [3, 4]]], [[[6, 7], 1], [7, [1, 6]]]]
[[[[2, 4], 7], [6, [0, 5]]], [[[6, 8], [2, 8]], [[2, 1], [4, 5]]]]
[7, [5, [[3, 8], [1, 4]]]]
[[2, [2, 2]], [8, [8, 1]]]
[2, 9]
[1, [[[9, 3], 9], [[9, 0], [0, 7]]]]
[[[5, [7, 4]], 7], 1]
[[[[4, 2], 2], 6], [8, 7]]
True

[[[0, [4, 5]], [0, 0]], [[[4, 5], [2, 6]], [9, 5]]] [1, [[[9, 3], 9], [[9, 0], [0, 7]]]]
True
[[[0, [4, 5]], [0, 0]], [[[4, 5], [2, 6]], [9, 5]]]
[7, [[[3, 7], [4, 3]], [[6, 3], [8, 8]]]]
[[2, [[0, 8], [3, 4]]], [[[6, 7], 1], [7, [1, 6]]]]
[[[[2, 4], 7], [6, [0, 5]]], [[[6, 8], [2, 8]], [[2, 1], [4, 5]]]]
[7, [5, [[3, 8], [1, 4]]]]
[[2, [2, 2]], [8, [8, 1]]]
[2, 9]
[1, [[[9, 3], 9], [[9, 0], [0, 7]]]]
[[[5, [7, 4]], 7], 1]
[[[[4, 2], 2], 6], [8, 7]]
True

[[[0, [4, 5]], [0, 0]], [[[4, 5], [2, 6]], [9, 5]]] [[[5, [7, 4]], 7], 1]
True
[[[0, [4, 5]], [0, 0]], [[[4, 5], [2, 6]], [9, 5]]]
[7, [[[3, 7], [4, 3]], [[6, 3], [8, 8]]]]
[[2, [[0, 8], [3, 4]]], [[[6, 7], 1], [7, [1, 6]]]]
[[[[2, 4], 7], [6, [0, 5]]], [[[6, 8], [2, 8]], [[2, 1], [4, 5]]]]
[7, [5, [[3, 8], [1, 4]]]]
[[2, [2, 2]], [8, [8, 1]]]
[2, 9]
[1, [[[9, 3], 9], [[9, 0], [0, 7]]]]
[[[5, [7, 4]], 7], 1]
[[[[4, 2], 2], 6], [8, 7]]
True

[[[0, [4, 5]], [0, 0]], [[[4, 5], [2, 6]], [9, 5]]] [[[[4, 2], 2], 6], [8, 7]]
True
[[[0, [4, 5]], [0, 0]], [[[4, 5], [2, 6]], [9, 5]]]
[7, [[[3, 7], [4, 3]], [[6, 3], [8, 8]]]]
[[2, [[0, 8], [3, 4]]], [[[6, 7], 1], [7, [1, 6]]]]
[[[[2, 4], 7], [6, [0, 5]]], [[[6, 8], [2, 8]], [[2, 1], [4, 5]]]]
[7, [5, [[3, 8], [1, 4]]]]
[[2, [2, 2]], [8, [8, 1]]]
[2, 9]
[1, [[[9, 3], 9], [[9, 0], [0, 7]]]]
[[[5, [7, 4]], 7], 1]
[[[[4, 2], 2], 6], [8, 7]]
True

[7, [[[3, 7], [4, 3]], [[6, 3], [8, 8]]]] [[[0, [4, 5]], [0, 0]], [[[4, 5], [2, 6]], [9, 5]]]
True
[[[0, [4, 5]], [0, 0]], [[[4, 5], [2, 6]], [9, 5]]]
[7, [[[3, 7], [4, 3]], [[6, 3], [8, 8]]]]
[[2, [[0, 8], [3, 4]]], [[[6, 7], 1], [7, [1, 6]]]]
[[[[2, 4], 7], [6, [0, 5]]], [[[6, 8], [2, 8]], [[2, 1], [4, 5]]]]
[7, [5, [[3, 8], [1, 4]]]]
[[2, [2, 2]], [8, [8, 1]]]
[2, 9]
[1, [[[9, 3], 9], [[9, 0], [0, 7]]]]
[[[5, [7, 4]], 7], 1]
[[[[4, 2], 2], 6], [8, 7]]
True

[7, [[[3, 7], [4, 3]], [[6, 3], [8, 8]]]] [[2, [[0, 8], [3, 4]]], [[[6, 7], 1], [7, [1, 6]]]]
True
[[[0, [4, 5]], [0, 0]], [[[4, 5], [2, 6]], [9, 5]]]
[7, [[[3, 7], [4, 3]], [[6, 3], [8, 8]]]]
[[2, [[0, 8], [3, 4]]], [[[6, 7], 1], [7, [1, 6]]]]
[[[[2, 4], 7], [6, [0, 5]]], [[[6, 8], [2, 8]], [[2, 1], [4, 5]]]]
[7, [5, [[3, 8], [1, 4]]]]
[[2, [2, 2]], [8, [8, 1]]]
[2, 9]
[1, [[[9, 3], 9], [[9, 0], [0, 7]]]]
[[[5, [7, 4]], 7], 1]
[[[[4, 2], 2], 6], [8, 7]]
True

[7, [[[3, 7], [4, 3]], [[6, 3], [8, 8]]]] [[[[2, 4], 7], [6, [0, 5]]], [[[6, 8], [2, 8]], [[2, 1], [4, 5]]]]
True
[[[0, [4, 5]], [0, 0]], [[[4, 5], [2, 6]], [9, 5]]]
[7, [[[3, 7], [4, 3]], [[6, 3], [8, 8]]]]
[[2, [[0, 8], [3, 4]]], [[[6, 7], 1], [7, [1, 6]]]]
[[[[2, 4], 7], [6, [0, 5]]], [[[6, 8], [2, 8]], [[2, 1], [4, 5]]]]
[7, [5, [[3, 8], [1, 4]]]]
[[2, [2, 2]], [8, [8, 1]]]
[2, 9]
[1, [[[9, 3], 9], [[9, 0], [0, 7]]]]
[[[5, [7, 4]], 7], 1]
[[[[4, 2], 2], 6], [8, 7]]
True

[7, [[[3, 7], [4, 3]], [[6, 3], [8, 8]]]] [7, [5, [[3, 8], [1, 4]]]]
True
[[[0, [4, 5]], [0, 0]], [[[4, 5], [2, 6]], [9, 5]]]
[7, [[[3, 7], [4, 3]], [[6, 3], [8, 8]]]]
[[2, [[0, 8], [3, 4]]], [[[6, 7], 1], [7, [1, 6]]]]
[[[[2, 4], 7], [6, [0, 5]]], [[[6, 8], [2, 8]], [[2, 1], [4, 5]]]]
[7, [5, [[3, 8], [1, 4]]]]
[[2, [2, 2]], [8, [8, 1]]]
[2, 9]
[1, [[[9, 3], 9], [[9, 0], [0, 7]]]]
[[[5, [7, 4]], 7], 1]
[[[[4, 2], 2], 6], [8, 7]]
True

[7, [[[3, 7], [4, 3]], [[6, 3], [8, 8]]]] [[2, [2, 2]], [8, [8, 1]]]
True
[[[0, [4, 5]], [0, 0]], [[[4, 5], [2, 6]], [9, 5]]]
[7, [[[3, 7], [4, 3]], [[6, 3], [8, 8]]]]
[[2, [[0, 8], [3, 4]]], [[[6, 7], 1], [7, [1, 6]]]]
[[[[2, 4], 7], [6, [0, 5]]], [[[6, 8], [2, 8]], [[2, 1], [4, 5]]]]
[7, [5, [[3, 8], [1, 4]]]]
[[2, [2, 2]], [8, [8, 1]]]
[2, 9]
[1, [[[9, 3], 9], [[9, 0], [0, 7]]]]
[[[5, [7, 4]], 7], 1]
[[[[4, 2], 2], 6], [8, 7]]
True

[7, [[[3, 7], [4, 3]], [[6, 3], [8, 8]]]] [2, 9]
True
[[[0, [4, 5]], [0, 0]], [[[4, 5], [2, 6]], [9, 5]]]
[7, [[[3, 7], [4, 3]], [[6, 3], [8, 8]]]]
[[2, [[0, 8], [3, 4]]], [[[6, 7], 1], [7, [1, 6]]]]
[[[[2, 4], 7], [6, [0, 5]]], [[[6, 8], [2, 8]], [[2, 1], [4, 5]]]]
[7, [5, [[3, 8], [1, 4]]]]
[[2, [2, 2]], [8, [8, 1]]]
[2, 9]
[1, [[[9, 3], 9], [[9, 0], [0, 7]]]]
[[[5, [7, 4]], 7], 1]
[[[[4, 2], 2], 6], [8, 7]]
True

[7, [[[3, 7], [4, 3]], [[6, 3], [8, 8]]]] [1, [[[9, 3], 9], [[9, 0], [0, 7]]]]
True
[[[0, [4, 5]], [0, 0]], [[[4, 5], [2, 6]], [9, 5]]]
[7, [[[3, 7], [4, 3]], [[6, 3], [8, 8]]]]
[[2, [[0, 8], [3, 4]]], [[[6, 7], 1], [7, [1, 6]]]]
[[[[2, 4], 7], [6, [0, 5]]], [[[6, 8], [2, 8]], [[2, 1], [4, 5]]]]
[7, [5, [[3, 8], [1, 4]]]]
[[2, [2, 2]], [8, [8, 1]]]
[2, 9]
[1, [[[9, 3], 9], [[9, 0], [0, 7]]]]
[[[5, [7, 4]], 7], 1]
[[[[4, 2], 2], 6], [8, 7]]
True

[7, [[[3, 7], [4, 3]], [[6, 3], [8, 8]]]] [[[5, [7, 4]], 7], 1]
True
[[[0, [4, 5]], [0, 0]], [[[4, 5], [2, 6]], [9, 5]]]
[7, [[[3, 7], [4, 3]], [[6, 3], [8, 8]]]]
[[2, [[0, 8], [3, 4]]], [[[6, 7], 1], [7, [1, 6]]]]
[[[[2, 4], 7], [6, [0, 5]]], [[[6, 8], [2, 8]], [[2, 1], [4, 5]]]]
[7, [5, [[3, 8], [1, 4]]]]
[[2, [2, 2]], [8, [8, 1]]]
[2, 9]
[1, [[[9, 3], 9], [[9, 0], [0, 7]]]]
[[[5, [7, 4]], 7], 1]
[[[[4, 2], 2], 6], [8, 7]]
True

[7, [[[3, 7], [4, 3]], [[6, 3], [8, 8]]]] [[[[4, 2], 2], 6], [8, 7]]
True
[[[0, [4, 5]], [0, 0]], [[[4, 5], [2, 6]], [9, 5]]]
[7, [[[3, 7], [4, 3]], [[6, 3], [8, 8]]]]
[[2, [[0, 8], [3, 4]]], [[[6, 7], 1], [7, [1, 6]]]]
[[[[2, 4], 7], [6, [0, 5]]], [[[6, 8], [2, 8]], [[2, 1], [4, 5]]]]
[7, [5, [[3, 8], [1, 4]]]]
[[2, [2, 2]], [8, [8, 1]]]
[2, 9]
[1, [[[9, 3], 9], [[9, 0], [0, 7]]]]
[[[5, [7, 4]], 7], 1]
[[[[4, 2], 2], 6], [8, 7]]
True

[[2, [[0, 8], [3, 4]]], [[[6, 7], 1], [7, [1, 6]]]] [[[0, [4, 5]], [0, 0]], [[[4, 5], [2, 6]], [9, 5]]]
True
[[[0, [4, 5]], [0, 0]], [[[4, 5], [2, 6]], [9, 5]]]
[7, [[[3, 7], [4, 3]], [[6, 3], [8, 8]]]]
[[2, [[0, 8], [3, 4]]], [[[6, 7], 1], [7, [1, 6]]]]
[[[[2, 4], 7], [6, [0, 5]]], [[[6, 8], [2, 8]], [[2, 1], [4, 5]]]]
[7, [5, [[3, 8], [1, 4]]]]
[[2, [2, 2]], [8, [8, 1]]]
[2, 9]
[1, [[[9, 3], 9], [[9, 0], [0, 7]]]]
[[[5, [7, 4]], 7], 1]
[[[[4, 2], 2], 6], [8, 7]]
True

[[2, [[0, 8], [3, 4]]], [[[6, 7], 1], [7, [1, 6]]]] [7, [[[3, 7], [4, 3]], [[6, 3], [8, 8]]]]
True
[[[0, [4, 5]], [0, 0]], [[[4, 5], [2, 6]], [9, 5]]]
[7, [[[3, 7], [4, 3]], [[6, 3], [8, 8]]]]
[[2, [[0, 8], [3, 4]]], [[[6, 7], 1], [7, [1, 6]]]]
[[[[2, 4], 7], [6, [0, 5]]], [[[6, 8], [2, 8]], [[2, 1], [4, 5]]]]
[7, [5, [[3, 8], [1, 4]]]]
[[2, [2, 2]], [8, [8, 1]]]
[2, 9]
[1, [[[9, 3], 9], [[9, 0], [0, 7]]]]
[[[5, [7, 4]], 7], 1]
[[[[4, 2], 2], 6], [8, 7]]
True

[[2, [[0, 8], [3, 4]]], [[[6, 7], 1], [7, [1, 6]]]] [[[[2, 4], 7], [6, [0, 5]]], [[[6, 8], [2, 8]], [[2, 1], [4, 5]]]]
True
[[[0, [4, 5]], [0, 0]], [[[4, 5], [2, 6]], [9, 5]]]
[7, [[[3, 7], [4, 3]], [[6, 3], [8, 8]]]]
[[2, [[0, 8], [3, 4]]], [[[6, 7], 1], [7, [1, 6]]]]
[[[[2, 4], 7], [6, [0, 5]]], [[[6, 8], [2, 8]], [[2, 1], [4, 5]]]]
[7, [5, [[3, 8], [1, 4]]]]
[[2, [2, 2]], [8, [8, 1]]]
[2, 9]
[1, [[[9, 3], 9], [[9, 0], [0, 7]]]]
[[[5, [7, 4]], 7], 1]
[[[[4, 2], 2], 6], [8, 7]]
True

[[2, [[0, 8], [3, 4]]], [[[6, 7], 1], [7, [1, 6]]]] [7, [5, [[3, 8], [1, 4]]]]
True
[[[0, [4, 5]], [0, 0]], [[[4, 5], [2, 6]], [9, 5]]]
[7, [[[3, 7], [4, 3]], [[6, 3], [8, 8]]]]
[[2, [[0, 8], [3, 4]]], [[[6, 7], 1], [7, [1, 6]]]]
[[[[2, 4], 7], [6, [0, 5]]], [[[6, 8], [2, 8]], [[2, 1], [4, 5]]]]
[7, [5, [[3, 8], [1, 4]]]]
[[2, [2, 2]], [8, [8, 1]]]
[2, 9]
[1, [[[9, 3], 9], [[9, 0], [0, 7]]]]
[[[5, [7, 4]], 7], 1]
[[[[4, 2], 2], 6], [8, 7]]
True

[[2, [[0, 8], [3, 4]]], [[[6, 7], 1], [7, [1, 6]]]] [[2, [2, 2]], [8, [8, 1]]]
True
[[[0, [4, 5]], [0, 0]], [[[4, 5], [2, 6]], [9, 5]]]
[7, [[[3, 7], [4, 3]], [[6, 3], [8, 8]]]]
[[2, [[0, 8], [3, 4]]], [[[6, 7], 1], [7, [1, 6]]]]
[[[[2, 4], 7], [6, [0, 5]]], [[[6, 8], [2, 8]], [[2, 1], [4, 5]]]]
[7, [5, [[3, 8], [1, 4]]]]
[[2, [2, 2]], [8, [8, 1]]]
[2, 9]
[1, [[[9, 3], 9], [[9, 0], [0, 7]]]]
[[[5, [7, 4]], 7], 1]
[[[[4, 2], 2], 6], [8, 7]]
True

[[2, [[0, 8], [3, 4]]], [[[6, 7], 1], [7, [1, 6]]]] [2, 9]
True
[[[0, [4, 5]], [0, 0]], [[[4, 5], [2, 6]], [9, 5]]]
[7, [[[3, 7], [4, 3]], [[6, 3], [8, 8]]]]
[[2, [[0, 8], [3, 4]]], [[[6, 7], 1], [7, [1, 6]]]]
[[[[2, 4], 7], [6, [0, 5]]], [[[6, 8], [2, 8]], [[2, 1], [4, 5]]]]
[7, [5, [[3, 8], [1, 4]]]]
[[2, [2, 2]], [8, [8, 1]]]
[2, 9]
[1, [[[9, 3], 9], [[9, 0], [0, 7]]]]
[[[5, [7, 4]], 7], 1]
[[[[4, 2], 2], 6], [8, 7]]
True

[[2, [[0, 8], [3, 4]]], [[[6, 7], 1], [7, [1, 6]]]] [1, [[[9, 3], 9], [[9, 0], [0, 7]]]]
True
[[[0, [4, 5]], [0, 0]], [[[4, 5], [2, 6]], [9, 5]]]
[7, [[[3, 7], [4, 3]], [[6, 3], [8, 8]]]]
[[2, [[0, 8], [3, 4]]], [[[6, 7], 1], [7, [1, 6]]]]
[[[[2, 4], 7], [6, [0, 5]]], [[[6, 8], [2, 8]], [[2, 1], [4, 5]]]]
[7, [5, [[3, 8], [1, 4]]]]
[[2, [2, 2]], [8, [8, 1]]]
[2, 9]
[1, [[[9, 3], 9], [[9, 0], [0, 7]]]]
[[[5, [7, 4]], 7], 1]
[[[[4, 2], 2], 6], [8, 7]]
True

[[2, [[0, 8], [3, 4]]], [[[6, 7], 1], [7, [1, 6]]]] [[[5, [7, 4]], 7], 1]
True
[[[0, [4, 5]], [0, 0]], [[[4, 5], [2, 6]], [9, 5]]]
[7, [[[3, 7], [4, 3]], [[6, 3], [8, 8]]]]
[[2, [[0, 8], [3, 4]]], [[[6, 7], 1], [7, [1, 6]]]]
[[[[2, 4], 7], [6, [0, 5]]], [[[6, 8], [2, 8]], [[2, 1], [4, 5]]]]
[7, [5, [[3, 8], [1, 4]]]]
[[2, [2, 2]], [8, [8, 1]]]
[2, 9]
[1, [[[9, 3], 9], [[9, 0], [0, 7]]]]
[[[5, [7, 4]], 7], 1]
[[[[4, 2], 2], 6], [8, 7]]
True

[[2, [[0, 8], [3, 4]]], [[[6, 7], 1], [7, [1, 6]]]] [[[[4, 2], 2], 6], [8, 7]]
True
[[[0, [4, 5]], [0, 0]], [[[4, 5], [2, 6]], [9, 5]]]
[7, [[[3, 7], [4, 3]], [[6, 3], [8, 8]]]]
[[2, [[0, 8], [3, 4]]], [[[6, 7], 1], [7, [1, 6]]]]
[[[[2, 4], 7], [6, [0, 5]]], [[[6, 8], [2, 8]], [[2, 1], [4, 5]]]]
[7, [5, [[3, 8], [1, 4]]]]
[[2, [2, 2]], [8, [8, 1]]]
[2, 9]
[1, [[[9, 3], 9], [[9, 0], [0, 7]]]]
[[[5, [7, 4]], 7], 1]
[[[[4, 2], 2], 6], [8, 7]]
True

[[[[2, 4], 7], [6, [0, 5]]], [[[6, 8], [2, 8]], [[2, 1], [4, 5]]]] [[[0, [4, 5]], [0, 0]], [[[4, 5], [2, 6]], [9, 5]]]
True
[[[0, [4, 5]], [0, 0]], [[[4, 5], [2, 6]], [9, 5]]]
[7, [[[3, 7], [4, 3]], [[6, 3], [8, 8]]]]
[[2, [[0, 8], [3, 4]]], [[[6, 7], 1], [7, [1, 6]]]]
[[[[2, 4], 7], [6, [0, 5]]], [[[6, 8], [2, 8]], [[2, 1], [4, 5]]]]
[7, [5, [[3, 8], [1, 4]]]]
[[2, [2, 2]], [8, [8, 1]]]
[2, 9]
[1, [[[9, 3], 9], [[9, 0], [0, 7]]]]
[[[5, [7, 4]], 7], 1]
[[[[4, 2], 2], 6], [8, 7]]
True

[[[[2, 4], 7], [6, [0, 5]]], [[[6, 8], [2, 8]], [[2, 1], [4, 5]]]] [7, [[[3, 7], [4, 3]], [[6, 3], [8, 8]]]]
True
[[[0, [4, 5]], [0, 0]], [[[4, 5], [2, 6]], [9, 5]]]
[7, [[[3, 7], [4, 3]], [[6, 3], [8, 8]]]]
[[2, [[0, 8], [3, 4]]], [[[6, 7], 1], [7, [1, 6]]]]
[[[[2, 4], 7], [6, [0, 5]]], [[[6, 8], [2, 8]], [[2, 1], [4, 5]]]]
[7, [5, [[3, 8], [1, 4]]]]
[[2, [2, 2]], [8, [8, 1]]]
[2, 9]
[1, [[[9, 3], 9], [[9, 0], [0, 7]]]]
[[[5, [7, 4]], 7], 1]
[[[[4, 2], 2], 6], [8, 7]]
True

[[[[2, 4], 7], [6, [0, 5]]], [[[6, 8], [2, 8]], [[2, 1], [4, 5]]]] [[2, [[0, 8], [3, 4]]], [[[6, 7], 1], [7, [1, 6]]]]
True
[[[0, [4, 5]], [0, 0]], [[[4, 5], [2, 6]], [9, 5]]]
[7, [[[3, 7], [4, 3]], [[6, 3], [8, 8]]]]
[[2, [[0, 8], [3, 4]]], [[[6, 7], 1], [7, [1, 6]]]]
[[[[2, 4], 7], [6, [0, 5]]], [[[6, 8], [2, 8]], [[2, 1], [4, 5]]]]
[7, [5, [[3, 8], [1, 4]]]]
[[2, [2, 2]], [8, [8, 1]]]
[2, 9]
[1, [[[9, 3], 9], [[9, 0], [0, 7]]]]
[[[5, [7, 4]], 7], 1]
[[[[4, 2], 2], 6], [8, 7]]
True

[[[[2, 4], 7], [6, [0, 5]]], [[[6, 8], [2, 8]], [[2, 1], [4, 5]]]] [7, [5, [[3, 8], [1, 4]]]]
True
[[[0, [4, 5]], [0, 0]], [[[4, 5], [2, 6]], [9, 5]]]
[7, [[[3, 7], [4, 3]], [[6, 3], [8, 8]]]]
[[2, [[0, 8], [3, 4]]], [[[6, 7], 1], [7, [1, 6]]]]
[[[[2, 4], 7], [6, [0, 5]]], [[[6, 8], [2, 8]], [[2, 1], [4, 5]]]]
[7, [5, [[3, 8], [1, 4]]]]
[[2, [2, 2]], [8, [8, 1]]]
[2, 9]
[1, [[[9, 3], 9], [[9, 0], [0, 7]]]]
[[[5, [7, 4]], 7], 1]
[[[[4, 2], 2], 6], [8, 7]]
True

[[[[2, 4], 7], [6, [0, 5]]], [[[6, 8], [2, 8]], [[2, 1], [4, 5]]]] [[2, [2, 2]], [8, [8, 1]]]
True
[[[0, [4, 5]], [0, 0]], [[[4, 5], [2, 6]], [9, 5]]]
[7, [[[3, 7], [4, 3]], [[6, 3], [8, 8]]]]
[[2, [[0, 8], [3, 4]]], [[[6, 7], 1], [7, [1, 6]]]]
[[[[2, 4], 7], [6, [0, 5]]], [[[6, 8], [2, 8]], [[2, 1], [4, 5]]]]
[7, [5, [[3, 8], [1, 4]]]]
[[2, [2, 2]], [8, [8, 1]]]
[2, 9]
[1, [[[9, 3], 9], [[9, 0], [0, 7]]]]
[[[5, [7, 4]], 7], 1]
[[[[4, 2], 2], 6], [8, 7]]
True

[[[[2, 4], 7], [6, [0, 5]]], [[[6, 8], [2, 8]], [[2, 1], [4, 5]]]] [2, 9]
True
[[[0, [4, 5]], [0, 0]], [[[4, 5], [2, 6]], [9, 5]]]
[7, [[[3, 7], [4, 3]], [[6, 3], [8, 8]]]]
[[2, [[0, 8], [3, 4]]], [[[6, 7], 1], [7, [1, 6]]]]
[[[[2, 4], 7], [6, [0, 5]]], [[[6, 8], [2, 8]], [[2, 1], [4, 5]]]]
[7, [5, [[3, 8], [1, 4]]]]
[[2, [2, 2]], [8, [8, 1]]]
[2, 9]
[1, [[[9, 3], 9], [[9, 0], [0, 7]]]]
[[[5, [7, 4]], 7], 1]
[[[[4, 2], 2], 6], [8, 7]]
True

[[[[2, 4], 7], [6, [0, 5]]], [[[6, 8], [2, 8]], [[2, 1], [4, 5]]]] [1, [[[9, 3], 9], [[9, 0], [0, 7]]]]
True
[[[0, [4, 5]], [0, 0]], [[[4, 5], [2, 6]], [9, 5]]]
[7, [[[3, 7], [4, 3]], [[6, 3], [8, 8]]]]
[[2, [[0, 8], [3, 4]]], [[[6, 7], 1], [7, [1, 6]]]]
[[[[2, 4], 7], [6, [0, 5]]], [[[6, 8], [2, 8]], [[2, 1], [4, 5]]]]
[7, [5, [[3, 8], [1, 4]]]]
[[2, [2, 2]], [8, [8, 1]]]
[2, 9]
[1, [[[9, 3], 9], [[9, 0], [0, 7]]]]
[[[5, [7, 4]], 7], 1]
[[[[4, 2], 2], 6], [8, 7]]
True

[[[[2, 4], 7], [6, [0, 5]]], [[[6, 8], [2, 8]], [[2, 1], [4, 5]]]] [[[5, [7, 4]], 7], 1]
True
[[[0, [4, 5]], [0, 0]], [[[4, 5], [2, 6]], [9, 5]]]
[7, [[[3, 7], [4, 3]], [[6, 3], [8, 8]]]]
[[2, [[0, 8], [3, 4]]], [[[6, 7], 1], [7, [1, 6]]]]
[[[[2, 4], 7], [6, [0, 5]]], [[[6, 8], [2, 8]], [[2, 1], [4, 5]]]]
[7, [5, [[3, 8], [1, 4]]]]
[[2, [2, 2]], [8, [8, 1]]]
[2, 9]
[1, [[[9, 3], 9], [[9, 0], [0, 7]]]]
[[[5, [7, 4]], 7], 1]
[[[[4, 2], 2], 6], [8, 7]]
True

[[[[2, 4], 7], [6, [0, 5]]], [[[6, 8], [2, 8]], [[2, 1], [4, 5]]]] [[[[4, 2], 2], 6], [8, 7]]
True
[[[0, [4, 5]], [0, 0]], [[[4, 5], [2, 6]], [9, 5]]]
[7, [[[3, 7], [4, 3]], [[6, 3], [8, 8]]]]
[[2, [[0, 8], [3, 4]]], [[[6, 7], 1], [7, [1, 6]]]]
[[[[2, 4], 7], [6, [0, 5]]], [[[6, 8], [2, 8]], [[2, 1], [4, 5]]]]
[7, [5, [[3, 8], [1, 4]]]]
[[2, [2, 2]], [8, [8, 1]]]
[2, 9]
[1, [[[9, 3], 9], [[9, 0], [0, 7]]]]
[[[5, [7, 4]], 7], 1]
[[[[4, 2], 2], 6], [8, 7]]
True

[7, [5, [[3, 8], [1, 4]]]] [[[0, [4, 5]], [0, 0]], [[[4, 5], [2, 6]], [9, 5]]]
True
[[[0, [4, 5]], [0, 0]], [[[4, 5], [2, 6]], [9, 5]]]
[7, [[[3, 7], [4, 3]], [[6, 3], [8, 8]]]]
[[2, [[0, 8], [3, 4]]], [[[6, 7], 1], [7, [1, 6]]]]
[[[[2, 4], 7], [6, [0, 5]]], [[[6, 8], [2, 8]], [[2, 1], [4, 5]]]]
[7, [5, [[3, 8], [1, 4]]]]
[[2, [2, 2]], [8, [8, 1]]]
[2, 9]
[1, [[[9, 3], 9], [[9, 0], [0, 7]]]]
[[[5, [7, 4]], 7], 1]
[[[[4, 2], 2], 6], [8, 7]]
True

[7, [5, [[3, 8], [1, 4]]]] [7, [[[3, 7], [4, 3]], [[6, 3], [8, 8]]]]
True
[[[0, [4, 5]], [0, 0]], [[[4, 5], [2, 6]], [9, 5]]]
[7, [[[3, 7], [4, 3]], [[6, 3], [8, 8]]]]
[[2, [[0, 8], [3, 4]]], [[[6, 7], 1], [7, [1, 6]]]]
[[[[2, 4], 7], [6, [0, 5]]], [[[6, 8], [2, 8]], [[2, 1], [4, 5]]]]
[7, [5, [[3, 8], [1, 4]]]]
[[2, [2, 2]], [8, [8, 1]]]
[2, 9]
[1, [[[9, 3], 9], [[9, 0], [0, 7]]]]
[[[5, [7, 4]], 7], 1]
[[[[4, 2], 2], 6], [8, 7]]
True

[7, [5, [[3, 8], [1, 4]]]] [[2, [[0, 8], [3, 4]]], [[[6, 7], 1], [7, [1, 6]]]]
True
[[[0, [4, 5]], [0, 0]], [[[4, 5], [2, 6]], [9, 5]]]
[7, [[[3, 7], [4, 3]], [[6, 3], [8, 8]]]]
[[2, [[0, 8], [3, 4]]], [[[6, 7], 1], [7, [1, 6]]]]
[[[[2, 4], 7], [6, [0, 5]]], [[[6, 8], [2, 8]], [[2, 1], [4, 5]]]]
[7, [5, [[3, 8], [1, 4]]]]
[[2, [2, 2]], [8, [8, 1]]]
[2, 9]
[1, [[[9, 3], 9], [[9, 0], [0, 7]]]]
[[[5, [7, 4]], 7], 1]
[[[[4, 2], 2], 6], [8, 7]]
True

[7, [5, [[3, 8], [1, 4]]]] [[[[2, 4], 7], [6, [0, 5]]], [[[6, 8], [2, 8]], [[2, 1], [4, 5]]]]
True
[[[0, [4, 5]], [0, 0]], [[[4, 5], [2, 6]], [9, 5]]]
[7, [[[3, 7], [4, 3]], [[6, 3], [8, 8]]]]
[[2, [[0, 8], [3, 4]]], [[[6, 7], 1], [7, [1, 6]]]]
[[[[2, 4], 7], [6, [0, 5]]], [[[6, 8], [2, 8]], [[2, 1], [4, 5]]]]
[7, [5, [[3, 8], [1, 4]]]]
[[2, [2, 2]], [8, [8, 1]]]
[2, 9]
[1, [[[9, 3], 9], [[9, 0], [0, 7]]]]
[[[5, [7, 4]], 7], 1]
[[[[4, 2], 2], 6], [8, 7]]
True

[7, [5, [[3, 8], [1, 4]]]] [[2, [2, 2]], [8, [8, 1]]]
True
[[[0, [4, 5]], [0, 0]], [[[4, 5], [2, 6]], [9, 5]]]
[7, [[[3, 7], [4, 3]], [[6, 3], [8, 8]]]]
[[2, [[0, 8], [3, 4]]], [[[6, 7], 1], [7, [1, 6]]]]
[[[[2, 4], 7], [6, [0, 5]]], [[[6, 8], [2, 8]], [[2, 1], [4, 5]]]]
[7, [5, [[3, 8], [1, 4]]]]
[[2, [2, 2]], [8, [8, 1]]]
[2, 9]
[1, [[[9, 3], 9], [[9, 0], [0, 7]]]]
[[[5, [7, 4]], 7], 1]
[[[[4, 2], 2], 6], [8, 7]]
True

[7, [5, [[3, 8], [1, 4]]]] [2, 9]
True
[[[0, [4, 5]], [0, 0]], [[[4, 5], [2, 6]], [9, 5]]]
[7, [[[3, 7], [4, 3]], [[6, 3], [8, 8]]]]
[[2, [[0, 8], [3, 4]]], [[[6, 7], 1], [7, [1, 6]]]]
[[[[2, 4], 7], [6, [0, 5]]], [[[6, 8], [2, 8]], [[2, 1], [4, 5]]]]
[7, [5, [[3, 8], [1, 4]]]]
[[2, [2, 2]], [8, [8, 1]]]
[2, 9]
[1, [[[9, 3], 9], [[9, 0], [0, 7]]]]
[[[5, [7, 4]], 7], 1]
[[[[4, 2], 2], 6], [8, 7]]
True

[7, [5, [[3, 8], [1, 4]]]] [1, [[[9, 3], 9], [[9, 0], [0, 7]]]]
True
[[[0, [4, 5]], [0, 0]], [[[4, 5], [2, 6]], [9, 5]]]
[7, [[[3, 7], [4, 3]], [[6, 3], [8, 8]]]]
[[2, [[0, 8], [3, 4]]], [[[6, 7], 1], [7, [1, 6]]]]
[[[[2, 4], 7], [6, [0, 5]]], [[[6, 8], [2, 8]], [[2, 1], [4, 5]]]]
[7, [5, [[3, 8], [1, 4]]]]
[[2, [2, 2]], [8, [8, 1]]]
[2, 9]
[1, [[[9, 3], 9], [[9, 0], [0, 7]]]]
[[[5, [7, 4]], 7], 1]
[[[[4, 2], 2], 6], [8, 7]]
True

[7, [5, [[3, 8], [1, 4]]]] [[[5, [7, 4]], 7], 1]
True
[[[0, [4, 5]], [0, 0]], [[[4, 5], [2, 6]], [9, 5]]]
[7, [[[3, 7], [4, 3]], [[6, 3], [8, 8]]]]
[[2, [[0, 8], [3, 4]]], [[[6, 7], 1], [7, [1, 6]]]]
[[[[2, 4], 7], [6, [0, 5]]], [[[6, 8], [2, 8]], [[2, 1], [4, 5]]]]
[7, [5, [[3, 8], [1, 4]]]]
[[2, [2, 2]], [8, [8, 1]]]
[2, 9]
[1, [[[9, 3], 9], [[9, 0], [0, 7]]]]
[[[5, [7, 4]], 7], 1]
[[[[4, 2], 2], 6], [8, 7]]
True

[7, [5, [[3, 8], [1, 4]]]] [[[[4, 2], 2], 6], [8, 7]]
True
[[[0, [4, 5]], [0, 0]], [[[4, 5], [2, 6]], [9, 5]]]
[7, [[[3, 7], [4, 3]], [[6, 3], [8, 8]]]]
[[2, [[0, 8], [3, 4]]], [[[6, 7], 1], [7, [1, 6]]]]
[[[[2, 4], 7], [6, [0, 5]]], [[[6, 8], [2, 8]], [[2, 1], [4, 5]]]]
[7, [5, [[3, 8], [1, 4]]]]
[[2, [2, 2]], [8, [8, 1]]]
[2, 9]
[1, [[[9, 3], 9], [[9, 0], [0, 7]]]]
[[[5, [7, 4]], 7], 1]
[[[[4, 2], 2], 6], [8, 7]]
True

[[2, [2, 2]], [8, [8, 1]]] [[[0, [4, 5]], [0, 0]], [[[4, 5], [2, 6]], [9, 5]]]
True
[[[0, [4, 5]], [0, 0]], [[[4, 5], [2, 6]], [9, 5]]]
[7, [[[3, 7], [4, 3]], [[6, 3], [8, 8]]]]
[[2, [[0, 8], [3, 4]]], [[[6, 7], 1], [7, [1, 6]]]]
[[[[2, 4], 7], [6, [0, 5]]], [[[6, 8], [2, 8]], [[2, 1], [4, 5]]]]
[7, [5, [[3, 8], [1, 4]]]]
[[2, [2, 2]], [8, [8, 1]]]
[2, 9]
[1, [[[9, 3], 9], [[9, 0], [0, 7]]]]
[[[5, [7, 4]], 7], 1]
[[[[4, 2], 2], 6], [8, 7]]
True

[[2, [2, 2]], [8, [8, 1]]] [7, [[[3, 7], [4, 3]], [[6, 3], [8, 8]]]]
True
[[[0, [4, 5]], [0, 0]], [[[4, 5], [2, 6]], [9, 5]]]
[7, [[[3, 7], [4, 3]], [[6, 3], [8, 8]]]]
[[2, [[0, 8], [3, 4]]], [[[6, 7], 1], [7, [1, 6]]]]
[[[[2, 4], 7], [6, [0, 5]]], [[[6, 8], [2, 8]], [[2, 1], [4, 5]]]]
[7, [5, [[3, 8], [1, 4]]]]
[[2, [2, 2]], [8, [8, 1]]]
[2, 9]
[1, [[[9, 3], 9], [[9, 0], [0, 7]]]]
[[[5, [7, 4]], 7], 1]
[[[[4, 2], 2], 6], [8, 7]]
True

[[2, [2, 2]], [8, [8, 1]]] [[2, [[0, 8], [3, 4]]], [[[6, 7], 1], [7, [1, 6]]]]
True
[[[0, [4, 5]], [0, 0]], [[[4, 5], [2, 6]], [9, 5]]]
[7, [[[3, 7], [4, 3]], [[6, 3], [8, 8]]]]
[[2, [[0, 8], [3, 4]]], [[[6, 7], 1], [7, [1, 6]]]]
[[[[2, 4], 7], [6, [0, 5]]], [[[6, 8], [2, 8]], [[2, 1], [4, 5]]]]
[7, [5, [[3, 8], [1, 4]]]]
[[2, [2, 2]], [8, [8, 1]]]
[2, 9]
[1, [[[9, 3], 9], [[9, 0], [0, 7]]]]
[[[5, [7, 4]], 7], 1]
[[[[4, 2], 2], 6], [8, 7]]
True

[[2, [2, 2]], [8, [8, 1]]] [[[[2, 4], 7], [6, [0, 5]]], [[[6, 8], [2, 8]], [[2, 1], [4, 5]]]]
True
[[[0, [4, 5]], [0, 0]], [[[4, 5], [2, 6]], [9, 5]]]
[7, [[[3, 7], [4, 3]], [[6, 3], [8, 8]]]]
[[2, [[0, 8], [3, 4]]], [[[6, 7], 1], [7, [1, 6]]]]
[[[[2, 4], 7], [6, [0, 5]]], [[[6, 8], [2, 8]], [[2, 1], [4, 5]]]]
[7, [5, [[3, 8], [1, 4]]]]
[[2, [2, 2]], [8, [8, 1]]]
[2, 9]
[1, [[[9, 3], 9], [[9, 0], [0, 7]]]]
[[[5, [7, 4]], 7], 1]
[[[[4, 2], 2], 6], [8, 7]]
True

[[2, [2, 2]], [8, [8, 1]]] [7, [5, [[3, 8], [1, 4]]]]
True
[[[0, [4, 5]], [0, 0]], [[[4, 5], [2, 6]], [9, 5]]]
[7, [[[3, 7], [4, 3]], [[6, 3], [8, 8]]]]
[[2, [[0, 8], [3, 4]]], [[[6, 7], 1], [7, [1, 6]]]]
[[[[2, 4], 7], [6, [0, 5]]], [[[6, 8], [2, 8]], [[2, 1], [4, 5]]]]
[7, [5, [[3, 8], [1, 4]]]]
[[2, [2, 2]], [8, [8, 1]]]
[2, 9]
[1, [[[9, 3], 9], [[9, 0], [0, 7]]]]
[[[5, [7, 4]], 7], 1]
[[[[4, 2], 2], 6], [8, 7]]
True

[[2, [2, 2]], [8, [8, 1]]] [2, 9]
True
[[[0, [4, 5]], [0, 0]], [[[4, 5], [2, 6]], [9, 5]]]
[7, [[[3, 7], [4, 3]], [[6, 3], [8, 8]]]]
[[2, [[0, 8], [3, 4]]], [[[6, 7], 1], [7, [1, 6]]]]
[[[[2, 4], 7], [6, [0, 5]]], [[[6, 8], [2, 8]], [[2, 1], [4, 5]]]]
[7, [5, [[3, 8], [1, 4]]]]
[[2, [2, 2]], [8, [8, 1]]]
[2, 9]
[1, [[[9, 3], 9], [[9, 0], [0, 7]]]]
[[[5, [7, 4]], 7], 1]
[[[[4, 2], 2], 6], [8, 7]]
True

[[2, [2, 2]], [8, [8, 1]]] [1, [[[9, 3], 9], [[9, 0], [0, 7]]]]
True
[[[0, [4, 5]], [0, 0]], [[[4, 5], [2, 6]], [9, 5]]]
[7, [[[3, 7], [4, 3]], [[6, 3], [8, 8]]]]
[[2, [[0, 8], [3, 4]]], [[[6, 7], 1], [7, [1, 6]]]]
[[[[2, 4], 7], [6, [0, 5]]], [[[6, 8], [2, 8]], [[2, 1], [4, 5]]]]
[7, [5, [[3, 8], [1, 4]]]]
[[2, [2, 2]], [8, [8, 1]]]
[2, 9]
[1, [[[9, 3], 9], [[9, 0], [0, 7]]]]
[[[5, [7, 4]], 7], 1]
[[[[4, 2], 2], 6], [8, 7]]
True

[[2, [2, 2]], [8, [8, 1]]] [[[5, [7, 4]], 7], 1]
True
[[[0, [4, 5]], [0, 0]], [[[4, 5], [2, 6]], [9, 5]]]
[7, [[[3, 7], [4, 3]], [[6, 3], [8, 8]]]]
[[2, [[0, 8], [3, 4]]], [[[6, 7], 1], [7, [1, 6]]]]
[[[[2, 4], 7], [6, [0, 5]]], [[[6, 8], [2, 8]], [[2, 1], [4, 5]]]]
[7, [5, [[3, 8], [1, 4]]]]
[[2, [2, 2]], [8, [8, 1]]]
[2, 9]
[1, [[[9, 3], 9], [[9, 0], [0, 7]]]]
[[[5, [7, 4]], 7], 1]
[[[[4, 2], 2], 6], [8, 7]]
True

[[2, [2, 2]], [8, [8, 1]]] [[[[4, 2], 2], 6], [8, 7]]
True
[[[0, [4, 5]], [0, 0]], [[[4, 5], [2, 6]], [9, 5]]]
[7, [[[3, 7], [4, 3]], [[6, 3], [8, 8]]]]
[[2, [[0, 8], [3, 4]]], [[[6, 7], 1], [7, [1, 6]]]]
[[[[2, 4], 7], [6, [0, 5]]], [[[6, 8], [2, 8]], [[2, 1], [4, 5]]]]
[7, [5, [[3, 8], [1, 4]]]]
[[2, [2, 2]], [8, [8, 1]]]
[2, 9]
[1, [[[9, 3], 9], [[9, 0], [0, 7]]]]
[[[5, [7, 4]], 7], 1]
[[[[4, 2], 2], 6], [8, 7]]
True

[2, 9] [[[0, [4, 5]], [0, 0]], [[[4, 5], [2, 6]], [9, 5]]]
True
[[[0, [4, 5]], [0, 0]], [[[4, 5], [2, 6]], [9, 5]]]
[7, [[[3, 7], [4, 3]], [[6, 3], [8, 8]]]]
[[2, [[0, 8], [3, 4]]], [[[6, 7], 1], [7, [1, 6]]]]
[[[[2, 4], 7], [6, [0, 5]]], [[[6, 8], [2, 8]], [[2, 1], [4, 5]]]]
[7, [5, [[3, 8], [1, 4]]]]
[[2, [2, 2]], [8, [8, 1]]]
[2, 9]
[1, [[[9, 3], 9], [[9, 0], [0, 7]]]]
[[[5, [7, 4]], 7], 1]
[[[[4, 2], 2], 6], [8, 7]]
True

[2, 9] [7, [[[3, 7], [4, 3]], [[6, 3], [8, 8]]]]
True
[[[0, [4, 5]], [0, 0]], [[[4, 5], [2, 6]], [9, 5]]]
[7, [[[3, 7], [4, 3]], [[6, 3], [8, 8]]]]
[[2, [[0, 8], [3, 4]]], [[[6, 7], 1], [7, [1, 6]]]]
[[[[2, 4], 7], [6, [0, 5]]], [[[6, 8], [2, 8]], [[2, 1], [4, 5]]]]
[7, [5, [[3, 8], [1, 4]]]]
[[2, [2, 2]], [8, [8, 1]]]
[2, 9]
[1, [[[9, 3], 9], [[9, 0], [0, 7]]]]
[[[5, [7, 4]], 7], 1]
[[[[4, 2], 2], 6], [8, 7]]
True

[2, 9] [[2, [[0, 8], [3, 4]]], [[[6, 7], 1], [7, [1, 6]]]]
True
[[[0, [4, 5]], [0, 0]], [[[4, 5], [2, 6]], [9, 5]]]
[7, [[[3, 7], [4, 3]], [[6, 3], [8, 8]]]]
[[2, [[0, 8], [3, 4]]], [[[6, 7], 1], [7, [1, 6]]]]
[[[[2, 4], 7], [6, [0, 5]]], [[[6, 8], [2, 8]], [[2, 1], [4, 5]]]]
[7, [5, [[3, 8], [1, 4]]]]
[[2, [2, 2]], [8, [8, 1]]]
[2, 9]
[1, [[[9, 3], 9], [[9, 0], [0, 7]]]]
[[[5, [7, 4]], 7], 1]
[[[[4, 2], 2], 6], [8, 7]]
True

[2, 9] [[[[2, 4], 7], [6, [0, 5]]], [[[6, 8], [2, 8]], [[2, 1], [4, 5]]]]
True
[[[0, [4, 5]], [0, 0]], [[[4, 5], [2, 6]], [9, 5]]]
[7, [[[3, 7], [4, 3]], [[6, 3], [8, 8]]]]
[[2, [[0, 8], [3, 4]]], [[[6, 7], 1], [7, [1, 6]]]]
[[[[2, 4], 7], [6, [0, 5]]], [[[6, 8], [2, 8]], [[2, 1], [4, 5]]]]
[7, [5, [[3, 8], [1, 4]]]]
[[2, [2, 2]], [8, [8, 1]]]
[2, 9]
[1, [[[9, 3], 9], [[9, 0], [0, 7]]]]
[[[5, [7, 4]], 7], 1]
[[[[4, 2], 2], 6], [8, 7]]
True

[2, 9] [7, [5, [[3, 8], [1, 4]]]]
True
[[[0, [4, 5]], [0, 0]], [[[4, 5], [2, 6]], [9, 5]]]
[7, [[[3, 7], [4, 3]], [[6, 3], [8, 8]]]]
[[2, [[0, 8], [3, 4]]], [[[6, 7], 1], [7, [1, 6]]]]
[[[[2, 4], 7], [6, [0, 5]]], [[[6, 8], [2, 8]], [[2, 1], [4, 5]]]]
[7, [5, [[3, 8], [1, 4]]]]
[[2, [2, 2]], [8, [8, 1]]]
[2, 9]
[1, [[[9, 3], 9], [[9, 0], [0, 7]]]]
[[[5, [7, 4]], 7], 1]
[[[[4, 2], 2], 6], [8, 7]]
True

[2, 9] [[2, [2, 2]], [8, [8, 1]]]
True
[[[0, [4, 5]], [0, 0]], [[[4, 5], [2, 6]], [9, 5]]]
[7, [[[3, 7], [4, 3]], [[6, 3], [8, 8]]]]
[[2, [[0, 8], [3, 4]]], [[[6, 7], 1], [7, [1, 6]]]]
[[[[2, 4], 7], [6, [0, 5]]], [[[6, 8], [2, 8]], [[2, 1], [4, 5]]]]
[7, [5, [[3, 8], [1, 4]]]]
[[2, [2, 2]], [8, [8, 1]]]
[2, 9]
[1, [[[9, 3], 9], [[9, 0], [0, 7]]]]
[[[5, [7, 4]], 7], 1]
[[[[4, 2], 2], 6], [8, 7]]
True

[2, 9] [1, [[[9, 3], 9], [[9, 0], [0, 7]]]]
True
[[[0, [4, 5]], [0, 0]], [[[4, 5], [2, 6]], [9, 5]]]
[7, [[[3, 7], [4, 3]], [[6, 3], [8, 8]]]]
[[2, [[0, 8], [3, 4]]], [[[6, 7], 1], [7, [1, 6]]]]
[[[[2, 4], 7], [6, [0, 5]]], [[[6, 8], [2, 8]], [[2, 1], [4, 5]]]]
[7, [5, [[3, 8], [1, 4]]]]
[[2, [2, 2]], [8, [8, 1]]]
[2, 9]
[1, [[[9, 3], 9], [[9, 0], [0, 7]]]]
[[[5, [7, 4]], 7], 1]
[[[[4, 2], 2], 6], [8, 7]]
True

[2, 9] [[[5, [7, 4]], 7], 1]
True
[[[0, [4, 5]], [0, 0]], [[[4, 5], [2, 6]], [9, 5]]]
[7, [[[3, 7], [4, 3]], [[6, 3], [8, 8]]]]
[[2, [[0, 8], [3, 4]]], [[[6, 7], 1], [7, [1, 6]]]]
[[[[2, 4], 7], [6, [0, 5]]], [[[6, 8], [2, 8]], [[2, 1], [4, 5]]]]
[7, [5, [[3, 8], [1, 4]]]]
[[2, [2, 2]], [8, [8, 1]]]
[2, 9]
[1, [[[9, 3], 9], [[9, 0], [0, 7]]]]
[[[5, [7, 4]], 7], 1]
[[[[4, 2], 2], 6], [8, 7]]
True

[2, 9] [[[[4, 2], 2], 6], [8, 7]]
True
[[[0, [4, 5]], [0, 0]], [[[4, 5], [2, 6]], [9, 5]]]
[7, [[[3, 7], [4, 3]], [[6, 3], [8, 8]]]]
[[2, [[0, 8], [3, 4]]], [[[6, 7], 1], [7, [1, 6]]]]
[[[[2, 4], 7], [6, [0, 5]]], [[[6, 8], [2, 8]], [[2, 1], [4, 5]]]]
[7, [5, [[3, 8], [1, 4]]]]
[[2, [2, 2]], [8, [8, 1]]]
[2, 9]
[1, [[[9, 3], 9], [[9, 0], [0, 7]]]]
[[[5, [7, 4]], 7], 1]
[[[[4, 2], 2], 6], [8, 7]]
True

[1, [[[9, 3], 9], [[9, 0], [0, 7]]]] [[[0, [4, 5]], [0, 0]], [[[4, 5], [2, 6]], [9, 5]]]
True
[[[0, [4, 5]], [0, 0]], [[[4, 5], [2, 6]], [9, 5]]]
[7, [[[3, 7], [4, 3]], [[6, 3], [8, 8]]]]
[[2, [[0, 8], [3, 4]]], [[[6, 7], 1], [7, [1, 6]]]]
[[[[2, 4], 7], [6, [0, 5]]], [[[6, 8], [2, 8]], [[2, 1], [4, 5]]]]
[7, [5, [[3, 8], [1, 4]]]]
[[2, [2, 2]], [8, [8, 1]]]
[2, 9]
[1, [[[9, 3], 9], [[9, 0], [0, 7]]]]
[[[5, [7, 4]], 7], 1]
[[[[4, 2], 2], 6], [8, 7]]
True

[1, [[[9, 3], 9], [[9, 0], [0, 7]]]] [7, [[[3, 7], [4, 3]], [[6, 3], [8, 8]]]]
True
[[[0, [4, 5]], [0, 0]], [[[4, 5], [2, 6]], [9, 5]]]
[7, [[[3, 7], [4, 3]], [[6, 3], [8, 8]]]]
[[2, [[0, 8], [3, 4]]], [[[6, 7], 1], [7, [1, 6]]]]
[[[[2, 4], 7], [6, [0, 5]]], [[[6, 8], [2, 8]], [[2, 1], [4, 5]]]]
[7, [5, [[3, 8], [1, 4]]]]
[[2, [2, 2]], [8, [8, 1]]]
[2, 9]
[1, [[[9, 3], 9], [[9, 0], [0, 7]]]]
[[[5, [7, 4]], 7], 1]
[[[[4, 2], 2], 6], [8, 7]]
True

[1, [[[9, 3], 9], [[9, 0], [0, 7]]]] [[2, [[0, 8], [3, 4]]], [[[6, 7], 1], [7, [1, 6]]]]
True
[[[0, [4, 5]], [0, 0]], [[[4, 5], [2, 6]], [9, 5]]]
[7, [[[3, 7], [4, 3]], [[6, 3], [8, 8]]]]
[[2, [[0, 8], [3, 4]]], [[[6, 7], 1], [7, [1, 6]]]]
[[[[2, 4], 7], [6, [0, 5]]], [[[6, 8], [2, 8]], [[2, 1], [4, 5]]]]
[7, [5, [[3, 8], [1, 4]]]]
[[2, [2, 2]], [8, [8, 1]]]
[2, 9]
[1, [[[9, 3], 9], [[9, 0], [0, 7]]]]
[[[5, [7, 4]], 7], 1]
[[[[4, 2], 2], 6], [8, 7]]
True

[1, [[[9, 3], 9], [[9, 0], [0, 7]]]] [[[[2, 4], 7], [6, [0, 5]]], [[[6, 8], [2, 8]], [[2, 1], [4, 5]]]]
True
[[[0, [4, 5]], [0, 0]], [[[4, 5], [2, 6]], [9, 5]]]
[7, [[[3, 7], [4, 3]], [[6, 3], [8, 8]]]]
[[2, [[0, 8], [3, 4]]], [[[6, 7], 1], [7, [1, 6]]]]
[[[[2, 4], 7], [6, [0, 5]]], [[[6, 8], [2, 8]], [[2, 1], [4, 5]]]]
[7, [5, [[3, 8], [1, 4]]]]
[[2, [2, 2]], [8, [8, 1]]]
[2, 9]
[1, [[[9, 3], 9], [[9, 0], [0, 7]]]]
[[[5, [7, 4]], 7], 1]
[[[[4, 2], 2], 6], [8, 7]]
True

[1, [[[9, 3], 9], [[9, 0], [0, 7]]]] [7, [5, [[3, 8], [1, 4]]]]
True
[[[0, [4, 5]], [0, 0]], [[[4, 5], [2, 6]], [9, 5]]]
[7, [[[3, 7], [4, 3]], [[6, 3], [8, 8]]]]
[[2, [[0, 8], [3, 4]]], [[[6, 7], 1], [7, [1, 6]]]]
[[[[2, 4], 7], [6, [0, 5]]], [[[6, 8], [2, 8]], [[2, 1], [4, 5]]]]
[7, [5, [[3, 8], [1, 4]]]]
[[2, [2, 2]], [8, [8, 1]]]
[2, 9]
[1, [[[9, 3], 9], [[9, 0], [0, 7]]]]
[[[5, [7, 4]], 7], 1]
[[[[4, 2], 2], 6], [8, 7]]
True

[1, [[[9, 3], 9], [[9, 0], [0, 7]]]] [[2, [2, 2]], [8, [8, 1]]]
True
[[[0, [4, 5]], [0, 0]], [[[4, 5], [2, 6]], [9, 5]]]
[7, [[[3, 7], [4, 3]], [[6, 3], [8, 8]]]]
[[2, [[0, 8], [3, 4]]], [[[6, 7], 1], [7, [1, 6]]]]
[[[[2, 4], 7], [6, [0, 5]]], [[[6, 8], [2, 8]], [[2, 1], [4, 5]]]]
[7, [5, [[3, 8], [1, 4]]]]
[[2, [2, 2]], [8, [8, 1]]]
[2, 9]
[1, [[[9, 3], 9], [[9, 0], [0, 7]]]]
[[[5, [7, 4]], 7], 1]
[[[[4, 2], 2], 6], [8, 7]]
True

[1, [[[9, 3], 9], [[9, 0], [0, 7]]]] [2, 9]
True
[[[0, [4, 5]], [0, 0]], [[[4, 5], [2, 6]], [9, 5]]]
[7, [[[3, 7], [4, 3]], [[6, 3], [8, 8]]]]
[[2, [[0, 8], [3, 4]]], [[[6, 7], 1], [7, [1, 6]]]]
[[[[2, 4], 7], [6, [0, 5]]], [[[6, 8], [2, 8]], [[2, 1], [4, 5]]]]
[7, [5, [[3, 8], [1, 4]]]]
[[2, [2, 2]], [8, [8, 1]]]
[2, 9]
[1, [[[9, 3], 9], [[9, 0], [0, 7]]]]
[[[5, [7, 4]], 7], 1]
[[[[4, 2], 2], 6], [8, 7]]
True

[1, [[[9, 3], 9], [[9, 0], [0, 7]]]] [[[5, [7, 4]], 7], 1]
True
[[[0, [4, 5]], [0, 0]], [[[4, 5], [2, 6]], [9, 5]]]
[7, [[[3, 7], [4, 3]], [[6, 3], [8, 8]]]]
[[2, [[0, 8], [3, 4]]], [[[6, 7], 1], [7, [1, 6]]]]
[[[[2, 4], 7], [6, [0, 5]]], [[[6, 8], [2, 8]], [[2, 1], [4, 5]]]]
[7, [5, [[3, 8], [1, 4]]]]
[[2, [2, 2]], [8, [8, 1]]]
[2, 9]
[1, [[[9, 3], 9], [[9, 0], [0, 7]]]]
[[[5, [7, 4]], 7], 1]
[[[[4, 2], 2], 6], [8, 7]]
True

[1, [[[9, 3], 9], [[9, 0], [0, 7]]]] [[[[4, 2], 2], 6], [8, 7]]
True
[[[0, [4, 5]], [0, 0]], [[[4, 5], [2, 6]], [9, 5]]]
[7, [[[3, 7], [4, 3]], [[6, 3], [8, 8]]]]
[[2, [[0, 8], [3, 4]]], [[[6, 7], 1], [7, [1, 6]]]]
[[[[2, 4], 7], [6, [0, 5]]], [[[6, 8], [2, 8]], [[2, 1], [4, 5]]]]
[7, [5, [[3, 8], [1, 4]]]]
[[2, [2, 2]], [8, [8, 1]]]
[2, 9]
[1, [[[9, 3], 9], [[9, 0], [0, 7]]]]
[[[5, [7, 4]], 7], 1]
[[[[4, 2], 2], 6], [8, 7]]
True

[[[5, [7, 4]], 7], 1] [[[0, [4, 5]], [0, 0]], [[[4, 5], [2, 6]], [9, 5]]]
True
[[[0, [4, 5]], [0, 0]], [[[4, 5], [2, 6]], [9, 5]]]
[7, [[[3, 7], [4, 3]], [[6, 3], [8, 8]]]]
[[2, [[0, 8], [3, 4]]], [[[6, 7], 1], [7, [1, 6]]]]
[[[[2, 4], 7], [6, [0, 5]]], [[[6, 8], [2, 8]], [[2, 1], [4, 5]]]]
[7, [5, [[3, 8], [1, 4]]]]
[[2, [2, 2]], [8, [8, 1]]]
[2, 9]
[1, [[[9, 3], 9], [[9, 0], [0, 7]]]]
[[[5, [7, 4]], 7], 1]
[[[[4, 2], 2], 6], [8, 7]]
True

[[[5, [7, 4]], 7], 1] [7, [[[3, 7], [4, 3]], [[6, 3], [8, 8]]]]
True
[[[0, [4, 5]], [0, 0]], [[[4, 5], [2, 6]], [9, 5]]]
[7, [[[3, 7], [4, 3]], [[6, 3], [8, 8]]]]
[[2, [[0, 8], [3, 4]]], [[[6, 7], 1], [7, [1, 6]]]]
[[[[2, 4], 7], [6, [0, 5]]], [[[6, 8], [2, 8]], [[2, 1], [4, 5]]]]
[7, [5, [[3, 8], [1, 4]]]]
[[2, [2, 2]], [8, [8, 1]]]
[2, 9]
[1, [[[9, 3], 9], [[9, 0], [0, 7]]]]
[[[5, [7, 4]], 7], 1]
[[[[4, 2], 2], 6], [8, 7]]
True

[[[5, [7, 4]], 7], 1] [[2, [[0, 8], [3, 4]]], [[[6, 7], 1], [7, [1, 6]]]]
True
[[[0, [4, 5]], [0, 0]], [[[4, 5], [2, 6]], [9, 5]]]
[7, [[[3, 7], [4, 3]], [[6, 3], [8, 8]]]]
[[2, [[0, 8], [3, 4]]], [[[6, 7], 1], [7, [1, 6]]]]
[[[[2, 4], 7], [6, [0, 5]]], [[[6, 8], [2, 8]], [[2, 1], [4, 5]]]]
[7, [5, [[3, 8], [1, 4]]]]
[[2, [2, 2]], [8, [8, 1]]]
[2, 9]
[1, [[[9, 3], 9], [[9, 0], [0, 7]]]]
[[[5, [7, 4]], 7], 1]
[[[[4, 2], 2], 6], [8, 7]]
True

[[[5, [7, 4]], 7], 1] [[[[2, 4], 7], [6, [0, 5]]], [[[6, 8], [2, 8]], [[2, 1], [4, 5]]]]
True
[[[0, [4, 5]], [0, 0]], [[[4, 5], [2, 6]], [9, 5]]]
[7, [[[3, 7], [4, 3]], [[6, 3], [8, 8]]]]
[[2, [[0, 8], [3, 4]]], [[[6, 7], 1], [7, [1, 6]]]]
[[[[2, 4], 7], [6, [0, 5]]], [[[6, 8], [2, 8]], [[2, 1], [4, 5]]]]
[7, [5, [[3, 8], [1, 4]]]]
[[2, [2, 2]], [8, [8, 1]]]
[2, 9]
[1, [[[9, 3], 9], [[9, 0], [0, 7]]]]
[[[5, [7, 4]], 7], 1]
[[[[4, 2], 2], 6], [8, 7]]
True

[[[5, [7, 4]], 7], 1] [7, [5, [[3, 8], [1, 4]]]]
True
[[[0, [4, 5]], [0, 0]], [[[4, 5], [2, 6]], [9, 5]]]
[7, [[[3, 7], [4, 3]], [[6, 3], [8, 8]]]]
[[2, [[0, 8], [3, 4]]], [[[6, 7], 1], [7, [1, 6]]]]
[[[[2, 4], 7], [6, [0, 5]]], [[[6, 8], [2, 8]], [[2, 1], [4, 5]]]]
[7, [5, [[3, 8], [1, 4]]]]
[[2, [2, 2]], [8, [8, 1]]]
[2, 9]
[1, [[[9, 3], 9], [[9, 0], [0, 7]]]]
[[[5, [7, 4]], 7], 1]
[[[[4, 2], 2], 6], [8, 7]]
True

[[[5, [7, 4]], 7], 1] [[2, [2, 2]], [8, [8, 1]]]
True
[[[0, [4, 5]], [0, 0]], [[[4, 5], [2, 6]], [9, 5]]]
[7, [[[3, 7], [4, 3]], [[6, 3], [8, 8]]]]
[[2, [[0, 8], [3, 4]]], [[[6, 7], 1], [7, [1, 6]]]]
[[[[2, 4], 7], [6, [0, 5]]], [[[6, 8], [2, 8]], [[2, 1], [4, 5]]]]
[7, [5, [[3, 8], [1, 4]]]]
[[2, [2, 2]], [8, [8, 1]]]
[2, 9]
[1, [[[9, 3], 9], [[9, 0], [0, 7]]]]
[[[5, [7, 4]], 7], 1]
[[[[4, 2], 2], 6], [8, 7]]
True

[[[5, [7, 4]], 7], 1] [2, 9]
True
[[[0, [4, 5]], [0, 0]], [[[4, 5], [2, 6]], [9, 5]]]
[7, [[[3, 7], [4, 3]], [[6, 3], [8, 8]]]]
[[2, [[0, 8], [3, 4]]], [[[6, 7], 1], [7, [1, 6]]]]
[[[[2, 4], 7], [6, [0, 5]]], [[[6, 8], [2, 8]], [[2, 1], [4, 5]]]]
[7, [5, [[3, 8], [1, 4]]]]
[[2, [2, 2]], [8, [8, 1]]]
[2, 9]
[1, [[[9, 3], 9], [[9, 0], [0, 7]]]]
[[[5, [7, 4]], 7], 1]
[[[[4, 2], 2], 6], [8, 7]]
True

[[[5, [7, 4]], 7], 1] [1, [[[9, 3], 9], [[9, 0], [0, 7]]]]
True
[[[0, [4, 5]], [0, 0]], [[[4, 5], [2, 6]], [9, 5]]]
[7, [[[3, 7], [4, 3]], [[6, 3], [8, 8]]]]
[[2, [[0, 8], [3, 4]]], [[[6, 7], 1], [7, [1, 6]]]]
[[[[2, 4], 7], [6, [0, 5]]], [[[6, 8], [2, 8]], [[2, 1], [4, 5]]]]
[7, [5, [[3, 8], [1, 4]]]]
[[2, [2, 2]], [8, [8, 1]]]
[2, 9]
[1, [[[9, 3], 9], [[9, 0], [0, 7]]]]
[[[5, [7, 4]], 7], 1]
[[[[4, 2], 2], 6], [8, 7]]
True

[[[5, [7, 4]], 7], 1] [[[[4, 2], 2], 6], [8, 7]]
True
[[[0, [4, 5]], [0, 0]], [[[4, 5], [2, 6]], [9, 5]]]
[7, [[[3, 7], [4, 3]], [[6, 3], [8, 8]]]]
[[2, [[0, 8], [3, 4]]], [[[6, 7], 1], [7, [1, 6]]]]
[[[[2, 4], 7], [6, [0, 5]]], [[[6, 8], [2, 8]], [[2, 1], [4, 5]]]]
[7, [5, [[3, 8], [1, 4]]]]
[[2, [2, 2]], [8, [8, 1]]]
[2, 9]
[1, [[[9, 3], 9], [[9, 0], [0, 7]]]]
[[[5, [7, 4]], 7], 1]
[[[[4, 2], 2], 6], [8, 7]]
True

[[[[4, 2], 2], 6], [8, 7]] [[[0, [4, 5]], [0, 0]], [[[4, 5], [2, 6]], [9, 5]]]
True
[[[0, [4, 5]], [0, 0]], [[[4, 5], [2, 6]], [9, 5]]]
[7, [[[3, 7], [4, 3]], [[6, 3], [8, 8]]]]
[[2, [[0, 8], [3, 4]]], [[[6, 7], 1], [7, [1, 6]]]]
[[[[2, 4], 7], [6, [0, 5]]], [[[6, 8], [2, 8]], [[2, 1], [4, 5]]]]
[7, [5, [[3, 8], [1, 4]]]]
[[2, [2, 2]], [8, [8, 1]]]
[2, 9]
[1, [[[9, 3], 9], [[9, 0], [0, 7]]]]
[[[5, [7, 4]], 7], 1]
[[[[4, 2], 2], 6], [8, 7]]
True

[[[[4, 2], 2], 6], [8, 7]] [7, [[[3, 7], [4, 3]], [[6, 3], [8, 8]]]]
True
[[[0, [4, 5]], [0, 0]], [[[4, 5], [2, 6]], [9, 5]]]
[7, [[[3, 7], [4, 3]], [[6, 3], [8, 8]]]]
[[2, [[0, 8], [3, 4]]], [[[6, 7], 1], [7, [1, 6]]]]
[[[[2, 4], 7], [6, [0, 5]]], [[[6, 8], [2, 8]], [[2, 1], [4, 5]]]]
[7, [5, [[3, 8], [1, 4]]]]
[[2, [2, 2]], [8, [8, 1]]]
[2, 9]
[1, [[[9, 3], 9], [[9, 0], [0, 7]]]]
[[[5, [7, 4]], 7], 1]
[[[[4, 2], 2], 6], [8, 7]]
True

[[[[4, 2], 2], 6], [8, 7]] [[2, [[0, 8], [3, 4]]], [[[6, 7], 1], [7, [1, 6]]]]
True
[[[0, [4, 5]], [0, 0]], [[[4, 5], [2, 6]], [9, 5]]]
[7, [[[3, 7], [4, 3]], [[6, 3], [8, 8]]]]
[[2, [[0, 8], [3, 4]]], [[[6, 7], 1], [7, [1, 6]]]]
[[[[2, 4], 7], [6, [0, 5]]], [[[6, 8], [2, 8]], [[2, 1], [4, 5]]]]
[7, [5, [[3, 8], [1, 4]]]]
[[2, [2, 2]], [8, [8, 1]]]
[2, 9]
[1, [[[9, 3], 9], [[9, 0], [0, 7]]]]
[[[5, [7, 4]], 7], 1]
[[[[4, 2], 2], 6], [8, 7]]
True

[[[[4, 2], 2], 6], [8, 7]] [[[[2, 4], 7], [6, [0, 5]]], [[[6, 8], [2, 8]], [[2, 1], [4, 5]]]]
True
[[[0, [4, 5]], [0, 0]], [[[4, 5], [2, 6]], [9, 5]]]
[7, [[[3, 7], [4, 3]], [[6, 3], [8, 8]]]]
[[2, [[0, 8], [3, 4]]], [[[6, 7], 1], [7, [1, 6]]]]
[[[[2, 4], 7], [6, [0, 5]]], [[[6, 8], [2, 8]], [[2, 1], [4, 5]]]]
[7, [5, [[3, 8], [1, 4]]]]
[[2, [2, 2]], [8, [8, 1]]]
[2, 9]
[1, [[[9, 3], 9], [[9, 0], [0, 7]]]]
[[[5, [7, 4]], 7], 1]
[[[[4, 2], 2], 6], [8, 7]]
True

[[[[4, 2], 2], 6], [8, 7]] [7, [5, [[3, 8], [1, 4]]]]
True
[[[0, [4, 5]], [0, 0]], [[[4, 5], [2, 6]], [9, 5]]]
[7, [[[3, 7], [4, 3]], [[6, 3], [8, 8]]]]
[[2, [[0, 8], [3, 4]]], [[[6, 7], 1], [7, [1, 6]]]]
[[[[2, 4], 7], [6, [0, 5]]], [[[6, 8], [2, 8]], [[2, 1], [4, 5]]]]
[7, [5, [[3, 8], [1, 4]]]]
[[2, [2, 2]], [8, [8, 1]]]
[2, 9]
[1, [[[9, 3], 9], [[9, 0], [0, 7]]]]
[[[5, [7, 4]], 7], 1]
[[[[4, 2], 2], 6], [8, 7]]
True

[[[[4, 2], 2], 6], [8, 7]] [[2, [2, 2]], [8, [8, 1]]]
True
[[[0, [4, 5]], [0, 0]], [[[4, 5], [2, 6]], [9, 5]]]
[7, [[[3, 7], [4, 3]], [[6, 3], [8, 8]]]]
[[2, [[0, 8], [3, 4]]], [[[6, 7], 1], [7, [1, 6]]]]
[[[[2, 4], 7], [6, [0, 5]]], [[[6, 8], [2, 8]], [[2, 1], [4, 5]]]]
[7, [5, [[3, 8], [1, 4]]]]
[[2, [2, 2]], [8, [8, 1]]]
[2, 9]
[1, [[[9, 3], 9], [[9, 0], [0, 7]]]]
[[[5, [7, 4]], 7], 1]
[[[[4, 2], 2], 6], [8, 7]]
True

[[[[4, 2], 2], 6], [8, 7]] [2, 9]
True
[[[0, [4, 5]], [0, 0]], [[[4, 5], [2, 6]], [9, 5]]]
[7, [[[3, 7], [4, 3]], [[6, 3], [8, 8]]]]
[[2, [[0, 8], [3, 4]]], [[[6, 7], 1], [7, [1, 6]]]]
[[[[2, 4], 7], [6, [0, 5]]], [[[6, 8], [2, 8]], [[2, 1], [4, 5]]]]
[7, [5, [[3, 8], [1, 4]]]]
[[2, [2, 2]], [8, [8, 1]]]
[2, 9]
[1, [[[9, 3], 9], [[9, 0], [0, 7]]]]
[[[5, [7, 4]], 7], 1]
[[[[4, 2], 2], 6], [8, 7]]
True

[[[[4, 2], 2], 6], [8, 7]] [1, [[[9, 3], 9], [[9, 0], [0, 7]]]]
True
[[[0, [4, 5]], [0, 0]], [[[4, 5], [2, 6]], [9, 5]]]
[7, [[[3, 7], [4, 3]], [[6, 3], [8, 8]]]]
[[2, [[0, 8], [3, 4]]], [[[6, 7], 1], [7, [1, 6]]]]
[[[[2, 4], 7], [6, [0, 5]]], [[[6, 8], [2, 8]], [[2, 1], [4, 5]]]]
[7, [5, [[3, 8], [1, 4]]]]
[[2, [2, 2]], [8, [8, 1]]]
[2, 9]
[1, [[[9, 3], 9], [[9, 0], [0, 7]]]]
[[[5, [7, 4]], 7], 1]
[[[[4, 2], 2], 6], [8, 7]]
True

[[[[4, 2], 2], 6], [8, 7]] [[[5, [7, 4]], 7], 1]
True
[[[0, [4, 5]], [0, 0]], [[[4, 5], [2, 6]], [9, 5]]]
[7, [[[3, 7], [4, 3]], [[6, 3], [8, 8]]]]
[[2, [[0, 8], [3, 4]]], [[[6, 7], 1], [7, [1, 6]]]]
[[[[2, 4], 7], [6, [0, 5]]], [[[6, 8], [2, 8]], [[2, 1], [4, 5]]]]
[7, [5, [[3, 8], [1, 4]]]]
[[2, [2, 2]], [8, [8, 1]]]
[2, 9]
[1, [[[9, 3], 9], [[9, 0], [0, 7]]]]
[[[5, [7, 4]], 7], 1]
[[[[4, 2], 2], 6], [8, 7]]
True
0 None

[[[0, [5, 8]], [[1, 7], [9, 6]]], [[4, [1, 2]], [[1, 4], 2]]]
[[[5, [2, 8]], 4], [5, [[9, 9], 0]]]
[6, [[[6, 2], [5, 6]], [[7, 6], [4, 7]]]]
[[[6, [0, 7]], [0, 9]], [4, [9, [9, 0]]]]
[[[7, [6, 4]], [3, [1, 3]]], [[[5, 5], 1], 9]]
[[6, [[7, 3], [3, 2]]], [[[3, 8], [5, 7]], 4]]
[[[[5, 4], [7, 7]], 8], [[8, 3], 8]]
[[9, 3], [[9, 9], [6, [4, 9]]]]
[[2, [[7, 7], 7]], [[5, 8], [[9, 3], [0, 2]]]]
[[[[5, 2], 5], [8, [3, 7]]], [[5, [7, 5]], [4, 4]]]


[[[0, [5, 8]], [[1, 7], [9, 6]]], [[4, [1, 2]], [[1, 4], 2]]] [[[5, [2, 8]], 4], [5, [[9, 9], 0]]]
True
[[[0, [5, 8]], [[1, 7], [9, 6]]], [[4, [1, 2]], [[1, 4], 2]]]
[[[5, [2, 8]], 4], [5, [[9, 9], 0]]]
[6, [[[6, 2], [5, 6]], [[7, 6], [4, 7]]]]
[[[6, [0, 7]], [0, 9]], [4, [9, [9, 0]]]]
[[[7, [6, 4]], [3, [1, 3]]], [[[5, 5], 1], 9]]
[[6, [[7, 3], [3, 2]]], [[[3, 8], [5, 7]], 4]]
[[[[5, 4], [7, 7]], 8], [[8, 3], 8]]
[[9, 3], [[9, 9], [6, [4, 9]]]]
[[2, [[7, 7], 7]], [[5, 8], [[9, 3], [0, 2]]]]
[[[[5, 2], 5], [8, [3, 7]]], [[5, [7, 5]], [4, 4]]]
True

[[[0, [5, 8]], [[1, 7], [9, 6]]], [[4, [1, 2]], [[1, 4], 2]]] [6, [[[6, 2], [5, 6]], [[7, 6], [4, 7]]]]
True
[[[0, [5, 8]], [[1, 7], [9, 6]]], [[4, [1, 2]], [[1, 4], 2]]]
[[[5, [2, 8]], 4], [5, [[9, 9], 0]]]
[6, [[[6, 2], [5, 6]], [[7, 6], [4, 7]]]]
[[[6, [0, 7]], [0, 9]], [4, [9, [9, 0]]]]
[[[7, [6, 4]], [3, [1, 3]]], [[[5, 5], 1], 9]]
[[6, [[7, 3], [3, 2]]], [[[3, 8], [5, 7]], 4]]
[[[[5, 4], [7, 7]], 8], [[8, 3], 8]]
[[9, 3], [[9, 9], [6, [4, 9]]]]
[[2, [[7, 7], 7]], [[5, 8], [[9, 3], [0, 2]]]]
[[[[5, 2], 5], [8, [3, 7]]], [[5, [7, 5]], [4, 4]]]
True

[[[0, [5, 8]], [[1, 7], [9, 6]]], [[4, [1, 2]], [[1, 4], 2]]] [[[6, [0, 7]], [0, 9]], [4, [9, [9, 0]]]]
True
[[[0, [5, 8]], [[1, 7], [9, 6]]], [[4, [1, 2]], [[1, 4], 2]]]
[[[5, [2, 8]], 4], [5, [[9, 9], 0]]]
[6, [[[6, 2], [5, 6]], [[7, 6], [4, 7]]]]
[[[6, [0, 7]], [0, 9]], [4, [9, [9, 0]]]]
[[[7, [6, 4]], [3, [1, 3]]], [[[5, 5], 1], 9]]
[[6, [[7, 3], [3, 2]]], [[[3, 8], [5, 7]], 4]]
[[[[5, 4], [7, 7]], 8], [[8, 3], 8]]
[[9, 3], [[9, 9], [6, [4, 9]]]]
[[2, [[7, 7], 7]], [[5, 8], [[9, 3], [0, 2]]]]
[[[[5, 2], 5], [8, [3, 7]]], [[5, [7, 5]], [4, 4]]]
True

[[[0, [5, 8]], [[1, 7], [9, 6]]], [[4, [1, 2]], [[1, 4], 2]]] [[[7, [6, 4]], [3, [1, 3]]], [[[5, 5], 1], 9]]
True
[[[0, [5, 8]], [[1, 7], [9, 6]]], [[4, [1, 2]], [[1, 4], 2]]]
[[[5, [2, 8]], 4], [5, [[9, 9], 0]]]
[6, [[[6, 2], [5, 6]], [[7, 6], [4, 7]]]]
[[[6, [0, 7]], [0, 9]], [4, [9, [9, 0]]]]
[[[7, [6, 4]], [3, [1, 3]]], [[[5, 5], 1], 9]]
[[6, [[7, 3], [3, 2]]], [[[3, 8], [5, 7]], 4]]
[[[[5, 4], [7, 7]], 8], [[8, 3], 8]]
[[9, 3], [[9, 9], [6, [4, 9]]]]
[[2, [[7, 7], 7]], [[5, 8], [[9, 3], [0, 2]]]]
[[[[5, 2], 5], [8, [3, 7]]], [[5, [7, 5]], [4, 4]]]
True

[[[0, [5, 8]], [[1, 7], [9, 6]]], [[4, [1, 2]], [[1, 4], 2]]] [[6, [[7, 3], [3, 2]]], [[[3, 8], [5, 7]], 4]]
True
[[[0, [5, 8]], [[1, 7], [9, 6]]], [[4, [1, 2]], [[1, 4], 2]]]
[[[5, [2, 8]], 4], [5, [[9, 9], 0]]]
[6, [[[6, 2], [5, 6]], [[7, 6], [4, 7]]]]
[[[6, [0, 7]], [0, 9]], [4, [9, [9, 0]]]]
[[[7, [6, 4]], [3, [1, 3]]], [[[5, 5], 1], 9]]
[[6, [[7, 3], [3, 2]]], [[[3, 8], [5, 7]], 4]]
[[[[5, 4], [7, 7]], 8], [[8, 3], 8]]
[[9, 3], [[9, 9], [6, [4, 9]]]]
[[2, [[7, 7], 7]], [[5, 8], [[9, 3], [0, 2]]]]
[[[[5, 2], 5], [8, [3, 7]]], [[5, [7, 5]], [4, 4]]]
True

[[[0, [5, 8]], [[1, 7], [9, 6]]], [[4, [1, 2]], [[1, 4], 2]]] [[[[5, 4], [7, 7]], 8], [[8, 3], 8]]
True
[[[0, [5, 8]], [[1, 7], [9, 6]]], [[4, [1, 2]], [[1, 4], 2]]]
[[[5, [2, 8]], 4], [5, [[9, 9], 0]]]
[6, [[[6, 2], [5, 6]], [[7, 6], [4, 7]]]]
[[[6, [0, 7]], [0, 9]], [4, [9, [9, 0]]]]
[[[7, [6, 4]], [3, [1, 3]]], [[[5, 5], 1], 9]]
[[6, [[7, 3], [3, 2]]], [[[3, 8], [5, 7]], 4]]
[[[[5, 4], [7, 7]], 8], [[8, 3], 8]]
[[9, 3], [[9, 9], [6, [4, 9]]]]
[[2, [[7, 7], 7]], [[5, 8], [[9, 3], [0, 2]]]]
[[[[5, 2], 5], [8, [3, 7]]], [[5, [7, 5]], [4, 4]]]
True

[[[0, [5, 8]], [[1, 7], [9, 6]]], [[4, [1, 2]], [[1, 4], 2]]] [[9, 3], [[9, 9], [6, [4, 9]]]]
True
[[[0, [5, 8]], [[1, 7], [9, 6]]], [[4, [1, 2]], [[1, 4], 2]]]
[[[5, [2, 8]], 4], [5, [[9, 9], 0]]]
[6, [[[6, 2], [5, 6]], [[7, 6], [4, 7]]]]
[[[6, [0, 7]], [0, 9]], [4, [9, [9, 0]]]]
[[[7, [6, 4]], [3, [1, 3]]], [[[5, 5], 1], 9]]
[[6, [[7, 3], [3, 2]]], [[[3, 8], [5, 7]], 4]]
[[[[5, 4], [7, 7]], 8], [[8, 3], 8]]
[[9, 3], [[9, 9], [6, [4, 9]]]]
[[2, [[7, 7], 7]], [[5, 8], [[9, 3], [0, 2]]]]
[[[[5, 2], 5], [8, [3, 7]]], [[5, [7, 5]], [4, 4]]]
True

[[[0, [5, 8]], [[1, 7], [9, 6]]], [[4, [1, 2]], [[1, 4], 2]]] [[2, [[7, 7], 7]], [[5, 8], [[9, 3], [0, 2]]]]
True
[[[0, [5, 8]], [[1, 7], [9, 6]]], [[4, [1, 2]], [[1, 4], 2]]]
[[[5, [2, 8]], 4], [5, [[9, 9], 0]]]
[6, [[[6, 2], [5, 6]], [[7, 6], [4, 7]]]]
[[[6, [0, 7]], [0, 9]], [4, [9, [9, 0]]]]
[[[7, [6, 4]], [3, [1, 3]]], [[[5, 5], 1], 9]]
[[6, [[7, 3], [3, 2]]], [[[3, 8], [5, 7]], 4]]
[[[[5, 4], [7, 7]], 8], [[8, 3], 8]]
[[9, 3], [[9, 9], [6, [4, 9]]]]
[[2, [[7, 7], 7]], [[5, 8], [[9, 3], [0, 2]]]]
[[[[5, 2], 5], [8, [3, 7]]], [[5, [7, 5]], [4, 4]]]
True

[[[0, [5, 8]], [[1, 7], [9, 6]]], [[4, [1, 2]], [[1, 4], 2]]] [[[[5, 2], 5], [8, [3, 7]]], [[5, [7, 5]], [4, 4]]]
True
[[[0, [5, 8]], [[1, 7], [9, 6]]], [[4, [1, 2]], [[1, 4], 2]]]
[[[5, [2, 8]], 4], [5, [[9, 9], 0]]]
[6, [[[6, 2], [5, 6]], [[7, 6], [4, 7]]]]
[[[6, [0, 7]], [0, 9]], [4, [9, [9, 0]]]]
[[[7, [6, 4]], [3, [1, 3]]], [[[5, 5], 1], 9]]
[[6, [[7, 3], [3, 2]]], [[[3, 8], [5, 7]], 4]]
[[[[5, 4], [7, 7]], 8], [[8, 3], 8]]
[[9, 3], [[9, 9], [6, [4, 9]]]]
[[2, [[7, 7], 7]], [[5, 8], [[9, 3], [0, 2]]]]
[[[[5, 2], 5], [8, [3, 7]]], [[5, [7, 5]], [4, 4]]]
True

[[[5, [2, 8]], 4], [5, [[9, 9], 0]]] [[[0, [5, 8]], [[1, 7], [9, 6]]], [[4, [1, 2]], [[1, 4], 2]]]
True
[[[0, [5, 8]], [[1, 7], [9, 6]]], [[4, [1, 2]], [[1, 4], 2]]]
[[[5, [2, 8]], 4], [5, [[9, 9], 0]]]
[6, [[[6, 2], [5, 6]], [[7, 6], [4, 7]]]]
[[[6, [0, 7]], [0, 9]], [4, [9, [9, 0]]]]
[[[7, [6, 4]], [3, [1, 3]]], [[[5, 5], 1], 9]]
[[6, [[7, 3], [3, 2]]], [[[3, 8], [5, 7]], 4]]
[[[[5, 4], [7, 7]], 8], [[8, 3], 8]]
[[9, 3], [[9, 9], [6, [4, 9]]]]
[[2, [[7, 7], 7]], [[5, 8], [[9, 3], [0, 2]]]]
[[[[5, 2], 5], [8, [3, 7]]], [[5, [7, 5]], [4, 4]]]
True

[[[5, [2, 8]], 4], [5, [[9, 9], 0]]] [6, [[[6, 2], [5, 6]], [[7, 6], [4, 7]]]]
True
[[[0, [5, 8]], [[1, 7], [9, 6]]], [[4, [1, 2]], [[1, 4], 2]]]
[[[5, [2, 8]], 4], [5, [[9, 9], 0]]]
[6, [[[6, 2], [5, 6]], [[7, 6], [4, 7]]]]
[[[6, [0, 7]], [0, 9]], [4, [9, [9, 0]]]]
[[[7, [6, 4]], [3, [1, 3]]], [[[5, 5], 1], 9]]
[[6, [[7, 3], [3, 2]]], [[[3, 8], [5, 7]], 4]]
[[[[5, 4], [7, 7]], 8], [[8, 3], 8]]
[[9, 3], [[9, 9], [6, [4, 9]]]]
[[2, [[7, 7], 7]], [[5, 8], [[9, 3], [0, 2]]]]
[[[[5, 2], 5], [8, [3, 7]]], [[5, [7, 5]], [4, 4]]]
True

[[[5, [2, 8]], 4], [5, [[9, 9], 0]]] [[[6, [0, 7]], [0, 9]], [4, [9, [9, 0]]]]
True
[[[0, [5, 8]], [[1, 7], [9, 6]]], [[4, [1, 2]], [[1, 4], 2]]]
[[[5, [2, 8]], 4], [5, [[9, 9], 0]]]
[6, [[[6, 2], [5, 6]], [[7, 6], [4, 7]]]]
[[[6, [0, 7]], [0, 9]], [4, [9, [9, 0]]]]
[[[7, [6, 4]], [3, [1, 3]]], [[[5, 5], 1], 9]]
[[6, [[7, 3], [3, 2]]], [[[3, 8], [5, 7]], 4]]
[[[[5, 4], [7, 7]], 8], [[8, 3], 8]]
[[9, 3], [[9, 9], [6, [4, 9]]]]
[[2, [[7, 7], 7]], [[5, 8], [[9, 3], [0, 2]]]]
[[[[5, 2], 5], [8, [3, 7]]], [[5, [7, 5]], [4, 4]]]
True

[[[5, [2, 8]], 4], [5, [[9, 9], 0]]] [[[7, [6, 4]], [3, [1, 3]]], [[[5, 5], 1], 9]]
True
[[[0, [5, 8]], [[1, 7], [9, 6]]], [[4, [1, 2]], [[1, 4], 2]]]
[[[5, [2, 8]], 4], [5, [[9, 9], 0]]]
[6, [[[6, 2], [5, 6]], [[7, 6], [4, 7]]]]
[[[6, [0, 7]], [0, 9]], [4, [9, [9, 0]]]]
[[[7, [6, 4]], [3, [1, 3]]], [[[5, 5], 1], 9]]
[[6, [[7, 3], [3, 2]]], [[[3, 8], [5, 7]], 4]]
[[[[5, 4], [7, 7]], 8], [[8, 3], 8]]
[[9, 3], [[9, 9], [6, [4, 9]]]]
[[2, [[7, 7], 7]], [[5, 8], [[9, 3], [0, 2]]]]
[[[[5, 2], 5], [8, [3, 7]]], [[5, [7, 5]], [4, 4]]]
True

[[[5, [2, 8]], 4], [5, [[9, 9], 0]]] [[6, [[7, 3], [3, 2]]], [[[3, 8], [5, 7]], 4]]
True
[[[0, [5, 8]], [[1, 7], [9, 6]]], [[4, [1, 2]], [[1, 4], 2]]]
[[[5, [2, 8]], 4], [5, [[9, 9], 0]]]
[6, [[[6, 2], [5, 6]], [[7, 6], [4, 7]]]]
[[[6, [0, 7]], [0, 9]], [4, [9, [9, 0]]]]
[[[7, [6, 4]], [3, [1, 3]]], [[[5, 5], 1], 9]]
[[6, [[7, 3], [3, 2]]], [[[3, 8], [5, 7]], 4]]
[[[[5, 4], [7, 7]], 8], [[8, 3], 8]]
[[9, 3], [[9, 9], [6, [4, 9]]]]
[[2, [[7, 7], 7]], [[5, 8], [[9, 3], [0, 2]]]]
[[[[5, 2], 5], [8, [3, 7]]], [[5, [7, 5]], [4, 4]]]
True

[[[5, [2, 8]], 4], [5, [[9, 9], 0]]] [[[[5, 4], [7, 7]], 8], [[8, 3], 8]]
True
[[[0, [5, 8]], [[1, 7], [9, 6]]], [[4, [1, 2]], [[1, 4], 2]]]
[[[5, [2, 8]], 4], [5, [[9, 9], 0]]]
[6, [[[6, 2], [5, 6]], [[7, 6], [4, 7]]]]
[[[6, [0, 7]], [0, 9]], [4, [9, [9, 0]]]]
[[[7, [6, 4]], [3, [1, 3]]], [[[5, 5], 1], 9]]
[[6, [[7, 3], [3, 2]]], [[[3, 8], [5, 7]], 4]]
[[[[5, 4], [7, 7]], 8], [[8, 3], 8]]
[[9, 3], [[9, 9], [6, [4, 9]]]]
[[2, [[7, 7], 7]], [[5, 8], [[9, 3], [0, 2]]]]
[[[[5, 2], 5], [8, [3, 7]]], [[5, [7, 5]], [4, 4]]]
True

[[[5, [2, 8]], 4], [5, [[9, 9], 0]]] [[9, 3], [[9, 9], [6, [4, 9]]]]
True
[[[0, [5, 8]], [[1, 7], [9, 6]]], [[4, [1, 2]], [[1, 4], 2]]]
[[[5, [2, 8]], 4], [5, [[9, 9], 0]]]
[6, [[[6, 2], [5, 6]], [[7, 6], [4, 7]]]]
[[[6, [0, 7]], [0, 9]], [4, [9, [9, 0]]]]
[[[7, [6, 4]], [3, [1, 3]]], [[[5, 5], 1], 9]]
[[6, [[7, 3], [3, 2]]], [[[3, 8], [5, 7]], 4]]
[[[[5, 4], [7, 7]], 8], [[8, 3], 8]]
[[9, 3], [[9, 9], [6, [4, 9]]]]
[[2, [[7, 7], 7]], [[5, 8], [[9, 3], [0, 2]]]]
[[[[5, 2], 5], [8, [3, 7]]], [[5, [7, 5]], [4, 4]]]
True

[[[5, [2, 8]], 4], [5, [[9, 9], 0]]] [[2, [[7, 7], 7]], [[5, 8], [[9, 3], [0, 2]]]]
True
[[[0, [5, 8]], [[1, 7], [9, 6]]], [[4, [1, 2]], [[1, 4], 2]]]
[[[5, [2, 8]], 4], [5, [[9, 9], 0]]]
[6, [[[6, 2], [5, 6]], [[7, 6], [4, 7]]]]
[[[6, [0, 7]], [0, 9]], [4, [9, [9, 0]]]]
[[[7, [6, 4]], [3, [1, 3]]], [[[5, 5], 1], 9]]
[[6, [[7, 3], [3, 2]]], [[[3, 8], [5, 7]], 4]]
[[[[5, 4], [7, 7]], 8], [[8, 3], 8]]
[[9, 3], [[9, 9], [6, [4, 9]]]]
[[2, [[7, 7], 7]], [[5, 8], [[9, 3], [0, 2]]]]
[[[[5, 2], 5], [8, [3, 7]]], [[5, [7, 5]], [4, 4]]]
True

[[[5, [2, 8]], 4], [5, [[9, 9], 0]]] [[[[5, 2], 5], [8, [3, 7]]], [[5, [7, 5]], [4, 4]]]
True
[[[0, [5, 8]], [[1, 7], [9, 6]]], [[4, [1, 2]], [[1, 4], 2]]]
[[[5, [2, 8]], 4], [5, [[9, 9], 0]]]
[6, [[[6, 2], [5, 6]], [[7, 6], [4, 7]]]]
[[[6, [0, 7]], [0, 9]], [4, [9, [9, 0]]]]
[[[7, [6, 4]], [3, [1, 3]]], [[[5, 5], 1], 9]]
[[6, [[7, 3], [3, 2]]], [[[3, 8], [5, 7]], 4]]
[[[[5, 4], [7, 7]], 8], [[8, 3], 8]]
[[9, 3], [[9, 9], [6, [4, 9]]]]
[[2, [[7, 7], 7]], [[5, 8], [[9, 3], [0, 2]]]]
[[[[5, 2], 5], [8, [3, 7]]], [[5, [7, 5]], [4, 4]]]
True

[6, [[[6, 2], [5, 6]], [[7, 6], [4, 7]]]] [[[0, [5, 8]], [[1, 7], [9, 6]]], [[4, [1, 2]], [[1, 4], 2]]]
True
[[[0, [5, 8]], [[1, 7], [9, 6]]], [[4, [1, 2]], [[1, 4], 2]]]
[[[5, [2, 8]], 4], [5, [[9, 9], 0]]]
[6, [[[6, 2], [5, 6]], [[7, 6], [4, 7]]]]
[[[6, [0, 7]], [0, 9]], [4, [9, [9, 0]]]]
[[[7, [6, 4]], [3, [1, 3]]], [[[5, 5], 1], 9]]
[[6, [[7, 3], [3, 2]]], [[[3, 8], [5, 7]], 4]]
[[[[5, 4], [7, 7]], 8], [[8, 3], 8]]
[[9, 3], [[9, 9], [6, [4, 9]]]]
[[2, [[7, 7], 7]], [[5, 8], [[9, 3], [0, 2]]]]
[[[[5, 2], 5], [8, [3, 7]]], [[5, [7, 5]], [4, 4]]]
True

[6, [[[6, 2], [5, 6]], [[7, 6], [4, 7]]]] [[[5, [2, 8]], 4], [5, [[9, 9], 0]]]
True
[[[0, [5, 8]], [[1, 7], [9, 6]]], [[4, [1, 2]], [[1, 4], 2]]]
[[[5, [2, 8]], 4], [5, [[9, 9], 0]]]
[6, [[[6, 2], [5, 6]], [[7, 6], [4, 7]]]]
[[[6, [0, 7]], [0, 9]], [4, [9, [9, 0]]]]
[[[7, [6, 4]], [3, [1, 3]]], [[[5, 5], 1], 9]]
[[6, [[7, 3], [3, 2]]], [[[3, 8], [5, 7]], 4]]
[[[[5, 4], [7, 7]], 8], [[8, 3], 8]]
[[9, 3], [[9, 9], [6, [4, 9]]]]
[[2, [[7, 7], 7]], [[5, 8], [[9, 3], [0, 2]]]]
[[[[5, 2], 5], [8, [3, 7]]], [[5, [7, 5]], [4, 4]]]
True

[6, [[[6, 2], [5, 6]], [[7, 6], [4, 7]]]] [[[6, [0, 7]], [0, 9]], [4, [9, [9, 0]]]]
True
[[[0, [5, 8]], [[1, 7], [9, 6]]], [[4, [1, 2]], [[1, 4], 2]]]
[[[5, [2, 8]], 4], [5, [[9, 9], 0]]]
[6, [[[6, 2], [5, 6]], [[7, 6], [4, 7]]]]
[[[6, [0, 7]], [0, 9]], [4, [9, [9, 0]]]]
[[[7, [6, 4]], [3, [1, 3]]], [[[5, 5], 1], 9]]
[[6, [[7, 3], [3, 2]]], [[[3, 8], [5, 7]], 4]]
[[[[5, 4], [7, 7]], 8], [[8, 3], 8]]
[[9, 3], [[9, 9], [6, [4, 9]]]]
[[2, [[7, 7], 7]], [[5, 8], [[9, 3], [0, 2]]]]
[[[[5, 2], 5], [8, [3, 7]]], [[5, [7, 5]], [4, 4]]]
True

[6, [[[6, 2], [5, 6]], [[7, 6], [4, 7]]]] [[[7, [6, 4]], [3, [1, 3]]], [[[5, 5], 1], 9]]
True
[[[0, [5, 8]], [[1, 7], [9, 6]]], [[4, [1, 2]], [[1, 4], 2]]]
[[[5, [2, 8]], 4], [5, [[9, 9], 0]]]
[6, [[[6, 2], [5, 6]], [[7, 6], [4, 7]]]]
[[[6, [0, 7]], [0, 9]], [4, [9, [9, 0]]]]
[[[7, [6, 4]], [3, [1, 3]]], [[[5, 5], 1], 9]]
[[6, [[7, 3], [3, 2]]], [[[3, 8], [5, 7]], 4]]
[[[[5, 4], [7, 7]], 8], [[8, 3], 8]]
[[9, 3], [[9, 9], [6, [4, 9]]]]
[[2, [[7, 7], 7]], [[5, 8], [[9, 3], [0, 2]]]]
[[[[5, 2], 5], [8, [3, 7]]], [[5, [7, 5]], [4, 4]]]
True

[6, [[[6, 2], [5, 6]], [[7, 6], [4, 7]]]] [[6, [[7, 3], [3, 2]]], [[[3, 8], [5, 7]], 4]]
True
[[[0, [5, 8]], [[1, 7], [9, 6]]], [[4, [1, 2]], [[1, 4], 2]]]
[[[5, [2, 8]], 4], [5, [[9, 9], 0]]]
[6, [[[6, 2], [5, 6]], [[7, 6], [4, 7]]]]
[[[6, [0, 7]], [0, 9]], [4, [9, [9, 0]]]]
[[[7, [6, 4]], [3, [1, 3]]], [[[5, 5], 1], 9]]
[[6, [[7, 3], [3, 2]]], [[[3, 8], [5, 7]], 4]]
[[[[5, 4], [7, 7]], 8], [[8, 3], 8]]
[[9, 3], [[9, 9], [6, [4, 9]]]]
[[2, [[7, 7], 7]], [[5, 8], [[9, 3], [0, 2]]]]
[[[[5, 2], 5], [8, [3, 7]]], [[5, [7, 5]], [4, 4]]]
True

[6, [[[6, 2], [5, 6]], [[7, 6], [4, 7]]]] [[[[5, 4], [7, 7]], 8], [[8, 3], 8]]
True
[[[0, [5, 8]], [[1, 7], [9, 6]]], [[4, [1, 2]], [[1, 4], 2]]]
[[[5, [2, 8]], 4], [5, [[9, 9], 0]]]
[6, [[[6, 2], [5, 6]], [[7, 6], [4, 7]]]]
[[[6, [0, 7]], [0, 9]], [4, [9, [9, 0]]]]
[[[7, [6, 4]], [3, [1, 3]]], [[[5, 5], 1], 9]]
[[6, [[7, 3], [3, 2]]], [[[3, 8], [5, 7]], 4]]
[[[[5, 4], [7, 7]], 8], [[8, 3], 8]]
[[9, 3], [[9, 9], [6, [4, 9]]]]
[[2, [[7, 7], 7]], [[5, 8], [[9, 3], [0, 2]]]]
[[[[5, 2], 5], [8, [3, 7]]], [[5, [7, 5]], [4, 4]]]
True

[6, [[[6, 2], [5, 6]], [[7, 6], [4, 7]]]] [[9, 3], [[9, 9], [6, [4, 9]]]]
True
[[[0, [5, 8]], [[1, 7], [9, 6]]], [[4, [1, 2]], [[1, 4], 2]]]
[[[5, [2, 8]], 4], [5, [[9, 9], 0]]]
[6, [[[6, 2], [5, 6]], [[7, 6], [4, 7]]]]
[[[6, [0, 7]], [0, 9]], [4, [9, [9, 0]]]]
[[[7, [6, 4]], [3, [1, 3]]], [[[5, 5], 1], 9]]
[[6, [[7, 3], [3, 2]]], [[[3, 8], [5, 7]], 4]]
[[[[5, 4], [7, 7]], 8], [[8, 3], 8]]
[[9, 3], [[9, 9], [6, [4, 9]]]]
[[2, [[7, 7], 7]], [[5, 8], [[9, 3], [0, 2]]]]
[[[[5, 2], 5], [8, [3, 7]]], [[5, [7, 5]], [4, 4]]]
True

[6, [[[6, 2], [5, 6]], [[7, 6], [4, 7]]]] [[2, [[7, 7], 7]], [[5, 8], [[9, 3], [0, 2]]]]
True
[[[0, [5, 8]], [[1, 7], [9, 6]]], [[4, [1, 2]], [[1, 4], 2]]]
[[[5, [2, 8]], 4], [5, [[9, 9], 0]]]
[6, [[[6, 2], [5, 6]], [[7, 6], [4, 7]]]]
[[[6, [0, 7]], [0, 9]], [4, [9, [9, 0]]]]
[[[7, [6, 4]], [3, [1, 3]]], [[[5, 5], 1], 9]]
[[6, [[7, 3], [3, 2]]], [[[3, 8], [5, 7]], 4]]
[[[[5, 4], [7, 7]], 8], [[8, 3], 8]]
[[9, 3], [[9, 9], [6, [4, 9]]]]
[[2, [[7, 7], 7]], [[5, 8], [[9, 3], [0, 2]]]]
[[[[5, 2], 5], [8, [3, 7]]], [[5, [7, 5]], [4, 4]]]
True

[6, [[[6, 2], [5, 6]], [[7, 6], [4, 7]]]] [[[[5, 2], 5], [8, [3, 7]]], [[5, [7, 5]], [4, 4]]]
True
[[[0, [5, 8]], [[1, 7], [9, 6]]], [[4, [1, 2]], [[1, 4], 2]]]
[[[5, [2, 8]], 4], [5, [[9, 9], 0]]]
[6, [[[6, 2], [5, 6]], [[7, 6], [4, 7]]]]
[[[6, [0, 7]], [0, 9]], [4, [9, [9, 0]]]]
[[[7, [6, 4]], [3, [1, 3]]], [[[5, 5], 1], 9]]
[[6, [[7, 3], [3, 2]]], [[[3, 8], [5, 7]], 4]]
[[[[5, 4], [7, 7]], 8], [[8, 3], 8]]
[[9, 3], [[9, 9], [6, [4, 9]]]]
[[2, [[7, 7], 7]], [[5, 8], [[9, 3], [0, 2]]]]
[[[[5, 2], 5], [8, [3, 7]]], [[5, [7, 5]], [4, 4]]]
True

[[[6, [0, 7]], [0, 9]], [4, [9, [9, 0]]]] [[[0, [5, 8]], [[1, 7], [9, 6]]], [[4, [1, 2]], [[1, 4], 2]]]
True
[[[0, [5, 8]], [[1, 7], [9, 6]]], [[4, [1, 2]], [[1, 4], 2]]]
[[[5, [2, 8]], 4], [5, [[9, 9], 0]]]
[6, [[[6, 2], [5, 6]], [[7, 6], [4, 7]]]]
[[[6, [0, 7]], [0, 9]], [4, [9, [9, 0]]]]
[[[7, [6, 4]], [3, [1, 3]]], [[[5, 5], 1], 9]]
[[6, [[7, 3], [3, 2]]], [[[3, 8], [5, 7]], 4]]
[[[[5, 4], [7, 7]], 8], [[8, 3], 8]]
[[9, 3], [[9, 9], [6, [4, 9]]]]
[[2, [[7, 7], 7]], [[5, 8], [[9, 3], [0, 2]]]]
[[[[5, 2], 5], [8, [3, 7]]], [[5, [7, 5]], [4, 4]]]
True

[[[6, [0, 7]], [0, 9]], [4, [9, [9, 0]]]] [[[5, [2, 8]], 4], [5, [[9, 9], 0]]]
True
[[[0, [5, 8]], [[1, 7], [9, 6]]], [[4, [1, 2]], [[1, 4], 2]]]
[[[5, [2, 8]], 4], [5, [[9, 9], 0]]]
[6, [[[6, 2], [5, 6]], [[7, 6], [4, 7]]]]
[[[6, [0, 7]], [0, 9]], [4, [9, [9, 0]]]]
[[[7, [6, 4]], [3, [1, 3]]], [[[5, 5], 1], 9]]
[[6, [[7, 3], [3, 2]]], [[[3, 8], [5, 7]], 4]]
[[[[5, 4], [7, 7]], 8], [[8, 3], 8]]
[[9, 3], [[9, 9], [6, [4, 9]]]]
[[2, [[7, 7], 7]], [[5, 8], [[9, 3], [0, 2]]]]
[[[[5, 2], 5], [8, [3, 7]]], [[5, [7, 5]], [4, 4]]]
True

[[[6, [0, 7]], [0, 9]], [4, [9, [9, 0]]]] [6, [[[6, 2], [5, 6]], [[7, 6], [4, 7]]]]
True
[[[0, [5, 8]], [[1, 7], [9, 6]]], [[4, [1, 2]], [[1, 4], 2]]]
[[[5, [2, 8]], 4], [5, [[9, 9], 0]]]
[6, [[[6, 2], [5, 6]], [[7, 6], [4, 7]]]]
[[[6, [0, 7]], [0, 9]], [4, [9, [9, 0]]]]
[[[7, [6, 4]], [3, [1, 3]]], [[[5, 5], 1], 9]]
[[6, [[7, 3], [3, 2]]], [[[3, 8], [5, 7]], 4]]
[[[[5, 4], [7, 7]], 8], [[8, 3], 8]]
[[9, 3], [[9, 9], [6, [4, 9]]]]
[[2, [[7, 7], 7]], [[5, 8], [[9, 3], [0, 2]]]]
[[[[5, 2], 5], [8, [3, 7]]], [[5, [7, 5]], [4, 4]]]
True

[[[6, [0, 7]], [0, 9]], [4, [9, [9, 0]]]] [[[7, [6, 4]], [3, [1, 3]]], [[[5, 5], 1], 9]]
True
[[[0, [5, 8]], [[1, 7], [9, 6]]], [[4, [1, 2]], [[1, 4], 2]]]
[[[5, [2, 8]], 4], [5, [[9, 9], 0]]]
[6, [[[6, 2], [5, 6]], [[7, 6], [4, 7]]]]
[[[6, [0, 7]], [0, 9]], [4, [9, [9, 0]]]]
[[[7, [6, 4]], [3, [1, 3]]], [[[5, 5], 1], 9]]
[[6, [[7, 3], [3, 2]]], [[[3, 8], [5, 7]], 4]]
[[[[5, 4], [7, 7]], 8], [[8, 3], 8]]
[[9, 3], [[9, 9], [6, [4, 9]]]]
[[2, [[7, 7], 7]], [[5, 8], [[9, 3], [0, 2]]]]
[[[[5, 2], 5], [8, [3, 7]]], [[5, [7, 5]], [4, 4]]]
True

[[[6, [0, 7]], [0, 9]], [4, [9, [9, 0]]]] [[6, [[7, 3], [3, 2]]], [[[3, 8], [5, 7]], 4]]
True
[[[0, [5, 8]], [[1, 7], [9, 6]]], [[4, [1, 2]], [[1, 4], 2]]]
[[[5, [2, 8]], 4], [5, [[9, 9], 0]]]
[6, [[[6, 2], [5, 6]], [[7, 6], [4, 7]]]]
[[[6, [0, 7]], [0, 9]], [4, [9, [9, 0]]]]
[[[7, [6, 4]], [3, [1, 3]]], [[[5, 5], 1], 9]]
[[6, [[7, 3], [3, 2]]], [[[3, 8], [5, 7]], 4]]
[[[[5, 4], [7, 7]], 8], [[8, 3], 8]]
[[9, 3], [[9, 9], [6, [4, 9]]]]
[[2, [[7, 7], 7]], [[5, 8], [[9, 3], [0, 2]]]]
[[[[5, 2], 5], [8, [3, 7]]], [[5, [7, 5]], [4, 4]]]
True

[[[6, [0, 7]], [0, 9]], [4, [9, [9, 0]]]] [[[[5, 4], [7, 7]], 8], [[8, 3], 8]]
True
[[[0, [5, 8]], [[1, 7], [9, 6]]], [[4, [1, 2]], [[1, 4], 2]]]
[[[5, [2, 8]], 4], [5, [[9, 9], 0]]]
[6, [[[6, 2], [5, 6]], [[7, 6], [4, 7]]]]
[[[6, [0, 7]], [0, 9]], [4, [9, [9, 0]]]]
[[[7, [6, 4]], [3, [1, 3]]], [[[5, 5], 1], 9]]
[[6, [[7, 3], [3, 2]]], [[[3, 8], [5, 7]], 4]]
[[[[5, 4], [7, 7]], 8], [[8, 3], 8]]
[[9, 3], [[9, 9], [6, [4, 9]]]]
[[2, [[7, 7], 7]], [[5, 8], [[9, 3], [0, 2]]]]
[[[[5, 2], 5], [8, [3, 7]]], [[5, [7, 5]], [4, 4]]]
True

[[[6, [0, 7]], [0, 9]], [4, [9, [9, 0]]]] [[9, 3], [[9, 9], [6, [4, 9]]]]
True
[[[0, [5, 8]], [[1, 7], [9, 6]]], [[4, [1, 2]], [[1, 4], 2]]]
[[[5, [2, 8]], 4], [5, [[9, 9], 0]]]
[6, [[[6, 2], [5, 6]], [[7, 6], [4, 7]]]]
[[[6, [0, 7]], [0, 9]], [4, [9, [9, 0]]]]
[[[7, [6, 4]], [3, [1, 3]]], [[[5, 5], 1], 9]]
[[6, [[7, 3], [3, 2]]], [[[3, 8], [5, 7]], 4]]
[[[[5, 4], [7, 7]], 8], [[8, 3], 8]]
[[9, 3], [[9, 9], [6, [4, 9]]]]
[[2, [[7, 7], 7]], [[5, 8], [[9, 3], [0, 2]]]]
[[[[5, 2], 5], [8, [3, 7]]], [[5, [7, 5]], [4, 4]]]
True

[[[6, [0, 7]], [0, 9]], [4, [9, [9, 0]]]] [[2, [[7, 7], 7]], [[5, 8], [[9, 3], [0, 2]]]]
True
[[[0, [5, 8]], [[1, 7], [9, 6]]], [[4, [1, 2]], [[1, 4], 2]]]
[[[5, [2, 8]], 4], [5, [[9, 9], 0]]]
[6, [[[6, 2], [5, 6]], [[7, 6], [4, 7]]]]
[[[6, [0, 7]], [0, 9]], [4, [9, [9, 0]]]]
[[[7, [6, 4]], [3, [1, 3]]], [[[5, 5], 1], 9]]
[[6, [[7, 3], [3, 2]]], [[[3, 8], [5, 7]], 4]]
[[[[5, 4], [7, 7]], 8], [[8, 3], 8]]
[[9, 3], [[9, 9], [6, [4, 9]]]]
[[2, [[7, 7], 7]], [[5, 8], [[9, 3], [0, 2]]]]
[[[[5, 2], 5], [8, [3, 7]]], [[5, [7, 5]], [4, 4]]]
True

[[[6, [0, 7]], [0, 9]], [4, [9, [9, 0]]]] [[[[5, 2], 5], [8, [3, 7]]], [[5, [7, 5]], [4, 4]]]
True
[[[0, [5, 8]], [[1, 7], [9, 6]]], [[4, [1, 2]], [[1, 4], 2]]]
[[[5, [2, 8]], 4], [5, [[9, 9], 0]]]
[6, [[[6, 2], [5, 6]], [[7, 6], [4, 7]]]]
[[[6, [0, 7]], [0, 9]], [4, [9, [9, 0]]]]
[[[7, [6, 4]], [3, [1, 3]]], [[[5, 5], 1], 9]]
[[6, [[7, 3], [3, 2]]], [[[3, 8], [5, 7]], 4]]
[[[[5, 4], [7, 7]], 8], [[8, 3], 8]]
[[9, 3], [[9, 9], [6, [4, 9]]]]
[[2, [[7, 7], 7]], [[5, 8], [[9, 3], [0, 2]]]]
[[[[5, 2], 5], [8, [3, 7]]], [[5, [7, 5]], [4, 4]]]
True

[[[7, [6, 4]], [3, [1, 3]]], [[[5, 5], 1], 9]] [[[0, [5, 8]], [[1, 7], [9, 6]]], [[4, [1, 2]], [[1, 4], 2]]]
True
[[[0, [5, 8]], [[1, 7], [9, 6]]], [[4, [1, 2]], [[1, 4], 2]]]
[[[5, [2, 8]], 4], [5, [[9, 9], 0]]]
[6, [[[6, 2], [5, 6]], [[7, 6], [4, 7]]]]
[[[6, [0, 7]], [0, 9]], [4, [9, [9, 0]]]]
[[[7, [6, 4]], [3, [1, 3]]], [[[5, 5], 1], 9]]
[[6, [[7, 3], [3, 2]]], [[[3, 8], [5, 7]], 4]]
[[[[5, 4], [7, 7]], 8], [[8, 3], 8]]
[[9, 3], [[9, 9], [6, [4, 9]]]]
[[2, [[7, 7], 7]], [[5, 8], [[9, 3], [0, 2]]]]
[[[[5, 2], 5], [8, [3, 7]]], [[5, [7, 5]], [4, 4]]]
True

[[[7, [6, 4]], [3, [1, 3]]], [[[5, 5], 1], 9]] [[[5, [2, 8]], 4], [5, [[9, 9], 0]]]
True
[[[0, [5, 8]], [[1, 7], [9, 6]]], [[4, [1, 2]], [[1, 4], 2]]]
[[[5, [2, 8]], 4], [5, [[9, 9], 0]]]
[6, [[[6, 2], [5, 6]], [[7, 6], [4, 7]]]]
[[[6, [0, 7]], [0, 9]], [4, [9, [9, 0]]]]
[[[7, [6, 4]], [3, [1, 3]]], [[[5, 5], 1], 9]]
[[6, [[7, 3], [3, 2]]], [[[3, 8], [5, 7]], 4]]
[[[[5, 4], [7, 7]], 8], [[8, 3], 8]]
[[9, 3], [[9, 9], [6, [4, 9]]]]
[[2, [[7, 7], 7]], [[5, 8], [[9, 3], [0, 2]]]]
[[[[5, 2], 5], [8, [3, 7]]], [[5, [7, 5]], [4, 4]]]
True

[[[7, [6, 4]], [3, [1, 3]]], [[[5, 5], 1], 9]] [6, [[[6, 2], [5, 6]], [[7, 6], [4, 7]]]]
True
[[[0, [5, 8]], [[1, 7], [9, 6]]], [[4, [1, 2]], [[1, 4], 2]]]
[[[5, [2, 8]], 4], [5, [[9, 9], 0]]]
[6, [[[6, 2], [5, 6]], [[7, 6], [4, 7]]]]
[[[6, [0, 7]], [0, 9]], [4, [9, [9, 0]]]]
[[[7, [6, 4]], [3, [1, 3]]], [[[5, 5], 1], 9]]
[[6, [[7, 3], [3, 2]]], [[[3, 8], [5, 7]], 4]]
[[[[5, 4], [7, 7]], 8], [[8, 3], 8]]
[[9, 3], [[9, 9], [6, [4, 9]]]]
[[2, [[7, 7], 7]], [[5, 8], [[9, 3], [0, 2]]]]
[[[[5, 2], 5], [8, [3, 7]]], [[5, [7, 5]], [4, 4]]]
True

[[[7, [6, 4]], [3, [1, 3]]], [[[5, 5], 1], 9]] [[[6, [0, 7]], [0, 9]], [4, [9, [9, 0]]]]
True
[[[0, [5, 8]], [[1, 7], [9, 6]]], [[4, [1, 2]], [[1, 4], 2]]]
[[[5, [2, 8]], 4], [5, [[9, 9], 0]]]
[6, [[[6, 2], [5, 6]], [[7, 6], [4, 7]]]]
[[[6, [0, 7]], [0, 9]], [4, [9, [9, 0]]]]
[[[7, [6, 4]], [3, [1, 3]]], [[[5, 5], 1], 9]]
[[6, [[7, 3], [3, 2]]], [[[3, 8], [5, 7]], 4]]
[[[[5, 4], [7, 7]], 8], [[8, 3], 8]]
[[9, 3], [[9, 9], [6, [4, 9]]]]
[[2, [[7, 7], 7]], [[5, 8], [[9, 3], [0, 2]]]]
[[[[5, 2], 5], [8, [3, 7]]], [[5, [7, 5]], [4, 4]]]
True

[[[7, [6, 4]], [3, [1, 3]]], [[[5, 5], 1], 9]] [[6, [[7, 3], [3, 2]]], [[[3, 8], [5, 7]], 4]]
True
[[[0, [5, 8]], [[1, 7], [9, 6]]], [[4, [1, 2]], [[1, 4], 2]]]
[[[5, [2, 8]], 4], [5, [[9, 9], 0]]]
[6, [[[6, 2], [5, 6]], [[7, 6], [4, 7]]]]
[[[6, [0, 7]], [0, 9]], [4, [9, [9, 0]]]]
[[[7, [6, 4]], [3, [1, 3]]], [[[5, 5], 1], 9]]
[[6, [[7, 3], [3, 2]]], [[[3, 8], [5, 7]], 4]]
[[[[5, 4], [7, 7]], 8], [[8, 3], 8]]
[[9, 3], [[9, 9], [6, [4, 9]]]]
[[2, [[7, 7], 7]], [[5, 8], [[9, 3], [0, 2]]]]
[[[[5, 2], 5], [8, [3, 7]]], [[5, [7, 5]], [4, 4]]]
True

[[[7, [6, 4]], [3, [1, 3]]], [[[5, 5], 1], 9]] [[[[5, 4], [7, 7]], 8], [[8, 3], 8]]
True
[[[0, [5, 8]], [[1, 7], [9, 6]]], [[4, [1, 2]], [[1, 4], 2]]]
[[[5, [2, 8]], 4], [5, [[9, 9], 0]]]
[6, [[[6, 2], [5, 6]], [[7, 6], [4, 7]]]]
[[[6, [0, 7]], [0, 9]], [4, [9, [9, 0]]]]
[[[7, [6, 4]], [3, [1, 3]]], [[[5, 5], 1], 9]]
[[6, [[7, 3], [3, 2]]], [[[3, 8], [5, 7]], 4]]
[[[[5, 4], [7, 7]], 8], [[8, 3], 8]]
[[9, 3], [[9, 9], [6, [4, 9]]]]
[[2, [[7, 7], 7]], [[5, 8], [[9, 3], [0, 2]]]]
[[[[5, 2], 5], [8, [3, 7]]], [[5, [7, 5]], [4, 4]]]
True

[[[7, [6, 4]], [3, [1, 3]]], [[[5, 5], 1], 9]] [[9, 3], [[9, 9], [6, [4, 9]]]]
True
[[[0, [5, 8]], [[1, 7], [9, 6]]], [[4, [1, 2]], [[1, 4], 2]]]
[[[5, [2, 8]], 4], [5, [[9, 9], 0]]]
[6, [[[6, 2], [5, 6]], [[7, 6], [4, 7]]]]
[[[6, [0, 7]], [0, 9]], [4, [9, [9, 0]]]]
[[[7, [6, 4]], [3, [1, 3]]], [[[5, 5], 1], 9]]
[[6, [[7, 3], [3, 2]]], [[[3, 8], [5, 7]], 4]]
[[[[5, 4], [7, 7]], 8], [[8, 3], 8]]
[[9, 3], [[9, 9], [6, [4, 9]]]]
[[2, [[7, 7], 7]], [[5, 8], [[9, 3], [0, 2]]]]
[[[[5, 2], 5], [8, [3, 7]]], [[5, [7, 5]], [4, 4]]]
True

[[[7, [6, 4]], [3, [1, 3]]], [[[5, 5], 1], 9]] [[2, [[7, 7], 7]], [[5, 8], [[9, 3], [0, 2]]]]
True
[[[0, [5, 8]], [[1, 7], [9, 6]]], [[4, [1, 2]], [[1, 4], 2]]]
[[[5, [2, 8]], 4], [5, [[9, 9], 0]]]
[6, [[[6, 2], [5, 6]], [[7, 6], [4, 7]]]]
[[[6, [0, 7]], [0, 9]], [4, [9, [9, 0]]]]
[[[7, [6, 4]], [3, [1, 3]]], [[[5, 5], 1], 9]]
[[6, [[7, 3], [3, 2]]], [[[3, 8], [5, 7]], 4]]
[[[[5, 4], [7, 7]], 8], [[8, 3], 8]]
[[9, 3], [[9, 9], [6, [4, 9]]]]
[[2, [[7, 7], 7]], [[5, 8], [[9, 3], [0, 2]]]]
[[[[5, 2], 5], [8, [3, 7]]], [[5, [7, 5]], [4, 4]]]
True

[[[7, [6, 4]], [3, [1, 3]]], [[[5, 5], 1], 9]] [[[[5, 2], 5], [8, [3, 7]]], [[5, [7, 5]], [4, 4]]]
True
[[[0, [5, 8]], [[1, 7], [9, 6]]], [[4, [1, 2]], [[1, 4], 2]]]
[[[5, [2, 8]], 4], [5, [[9, 9], 0]]]
[6, [[[6, 2], [5, 6]], [[7, 6], [4, 7]]]]
[[[6, [0, 7]], [0, 9]], [4, [9, [9, 0]]]]
[[[7, [6, 4]], [3, [1, 3]]], [[[5, 5], 1], 9]]
[[6, [[7, 3], [3, 2]]], [[[3, 8], [5, 7]], 4]]
[[[[5, 4], [7, 7]], 8], [[8, 3], 8]]
[[9, 3], [[9, 9], [6, [4, 9]]]]
[[2, [[7, 7], 7]], [[5, 8], [[9, 3], [0, 2]]]]
[[[[5, 2], 5], [8, [3, 7]]], [[5, [7, 5]], [4, 4]]]
True

[[6, [[7, 3], [3, 2]]], [[[3, 8], [5, 7]], 4]] [[[0, [5, 8]], [[1, 7], [9, 6]]], [[4, [1, 2]], [[1, 4], 2]]]
True
[[[0, [5, 8]], [[1, 7], [9, 6]]], [[4, [1, 2]], [[1, 4], 2]]]
[[[5, [2, 8]], 4], [5, [[9, 9], 0]]]
[6, [[[6, 2], [5, 6]], [[7, 6], [4, 7]]]]
[[[6, [0, 7]], [0, 9]], [4, [9, [9, 0]]]]
[[[7, [6, 4]], [3, [1, 3]]], [[[5, 5], 1], 9]]
[[6, [[7, 3], [3, 2]]], [[[3, 8], [5, 7]], 4]]
[[[[5, 4], [7, 7]], 8], [[8, 3], 8]]
[[9, 3], [[9, 9], [6, [4, 9]]]]
[[2, [[7, 7], 7]], [[5, 8], [[9, 3], [0, 2]]]]
[[[[5, 2], 5], [8, [3, 7]]], [[5, [7, 5]], [4, 4]]]
True

[[6, [[7, 3], [3, 2]]], [[[3, 8], [5, 7]], 4]] [[[5, [2, 8]], 4], [5, [[9, 9], 0]]]
True
[[[0, [5, 8]], [[1, 7], [9, 6]]], [[4, [1, 2]], [[1, 4], 2]]]
[[[5, [2, 8]], 4], [5, [[9, 9], 0]]]
[6, [[[6, 2], [5, 6]], [[7, 6], [4, 7]]]]
[[[6, [0, 7]], [0, 9]], [4, [9, [9, 0]]]]
[[[7, [6, 4]], [3, [1, 3]]], [[[5, 5], 1], 9]]
[[6, [[7, 3], [3, 2]]], [[[3, 8], [5, 7]], 4]]
[[[[5, 4], [7, 7]], 8], [[8, 3], 8]]
[[9, 3], [[9, 9], [6, [4, 9]]]]
[[2, [[7, 7], 7]], [[5, 8], [[9, 3], [0, 2]]]]
[[[[5, 2], 5], [8, [3, 7]]], [[5, [7, 5]], [4, 4]]]
True

[[6, [[7, 3], [3, 2]]], [[[3, 8], [5, 7]], 4]] [6, [[[6, 2], [5, 6]], [[7, 6], [4, 7]]]]
True
[[[0, [5, 8]], [[1, 7], [9, 6]]], [[4, [1, 2]], [[1, 4], 2]]]
[[[5, [2, 8]], 4], [5, [[9, 9], 0]]]
[6, [[[6, 2], [5, 6]], [[7, 6], [4, 7]]]]
[[[6, [0, 7]], [0, 9]], [4, [9, [9, 0]]]]
[[[7, [6, 4]], [3, [1, 3]]], [[[5, 5], 1], 9]]
[[6, [[7, 3], [3, 2]]], [[[3, 8], [5, 7]], 4]]
[[[[5, 4], [7, 7]], 8], [[8, 3], 8]]
[[9, 3], [[9, 9], [6, [4, 9]]]]
[[2, [[7, 7], 7]], [[5, 8], [[9, 3], [0, 2]]]]
[[[[5, 2], 5], [8, [3, 7]]], [[5, [7, 5]], [4, 4]]]
True

[[6, [[7, 3], [3, 2]]], [[[3, 8], [5, 7]], 4]] [[[6, [0, 7]], [0, 9]], [4, [9, [9, 0]]]]
True
[[[0, [5, 8]], [[1, 7], [9, 6]]], [[4, [1, 2]], [[1, 4], 2]]]
[[[5, [2, 8]], 4], [5, [[9, 9], 0]]]
[6, [[[6, 2], [5, 6]], [[7, 6], [4, 7]]]]
[[[6, [0, 7]], [0, 9]], [4, [9, [9, 0]]]]
[[[7, [6, 4]], [3, [1, 3]]], [[[5, 5], 1], 9]]
[[6, [[7, 3], [3, 2]]], [[[3, 8], [5, 7]], 4]]
[[[[5, 4], [7, 7]], 8], [[8, 3], 8]]
[[9, 3], [[9, 9], [6, [4, 9]]]]
[[2, [[7, 7], 7]], [[5, 8], [[9, 3], [0, 2]]]]
[[[[5, 2], 5], [8, [3, 7]]], [[5, [7, 5]], [4, 4]]]
True

[[6, [[7, 3], [3, 2]]], [[[3, 8], [5, 7]], 4]] [[[7, [6, 4]], [3, [1, 3]]], [[[5, 5], 1], 9]]
True
[[[0, [5, 8]], [[1, 7], [9, 6]]], [[4, [1, 2]], [[1, 4], 2]]]
[[[5, [2, 8]], 4], [5, [[9, 9], 0]]]
[6, [[[6, 2], [5, 6]], [[7, 6], [4, 7]]]]
[[[6, [0, 7]], [0, 9]], [4, [9, [9, 0]]]]
[[[7, [6, 4]], [3, [1, 3]]], [[[5, 5], 1], 9]]
[[6, [[7, 3], [3, 2]]], [[[3, 8], [5, 7]], 4]]
[[[[5, 4], [7, 7]], 8], [[8, 3], 8]]
[[9, 3], [[9, 9], [6, [4, 9]]]]
[[2, [[7, 7], 7]], [[5, 8], [[9, 3], [0, 2]]]]
[[[[5, 2], 5], [8, [3, 7]]], [[5, [7, 5]], [4, 4]]]
True

[[6, [[7, 3], [3, 2]]], [[[3, 8], [5, 7]], 4]] [[[[5, 4], [7, 7]], 8], [[8, 3], 8]]
True
[[[0, [5, 8]], [[1, 7], [9, 6]]], [[4, [1, 2]], [[1, 4], 2]]]
[[[5, [2, 8]], 4], [5, [[9, 9], 0]]]
[6, [[[6, 2], [5, 6]], [[7, 6], [4, 7]]]]
[[[6, [0, 7]], [0, 9]], [4, [9, [9, 0]]]]
[[[7, [6, 4]], [3, [1, 3]]], [[[5, 5], 1], 9]]
[[6, [[7, 3], [3, 2]]], [[[3, 8], [5, 7]], 4]]
[[[[5, 4], [7, 7]], 8], [[8, 3], 8]]
[[9, 3], [[9, 9], [6, [4, 9]]]]
[[2, [[7, 7], 7]], [[5, 8], [[9, 3], [0, 2]]]]
[[[[5, 2], 5], [8, [3, 7]]], [[5, [7, 5]], [4, 4]]]
True

[[6, [[7, 3], [3, 2]]], [[[3, 8], [5, 7]], 4]] [[9, 3], [[9, 9], [6, [4, 9]]]]
True
[[[0, [5, 8]], [[1, 7], [9, 6]]], [[4, [1, 2]], [[1, 4], 2]]]
[[[5, [2, 8]], 4], [5, [[9, 9], 0]]]
[6, [[[6, 2], [5, 6]], [[7, 6], [4, 7]]]]
[[[6, [0, 7]], [0, 9]], [4, [9, [9, 0]]]]
[[[7, [6, 4]], [3, [1, 3]]], [[[5, 5], 1], 9]]
[[6, [[7, 3], [3, 2]]], [[[3, 8], [5, 7]], 4]]
[[[[5, 4], [7, 7]], 8], [[8, 3], 8]]
[[9, 3], [[9, 9], [6, [4, 9]]]]
[[2, [[7, 7], 7]], [[5, 8], [[9, 3], [0, 2]]]]
[[[[5, 2], 5], [8, [3, 7]]], [[5, [7, 5]], [4, 4]]]
True

[[6, [[7, 3], [3, 2]]], [[[3, 8], [5, 7]], 4]] [[2, [[7, 7], 7]], [[5, 8], [[9, 3], [0, 2]]]]
True
[[[0, [5, 8]], [[1, 7], [9, 6]]], [[4, [1, 2]], [[1, 4], 2]]]
[[[5, [2, 8]], 4], [5, [[9, 9], 0]]]
[6, [[[6, 2], [5, 6]], [[7, 6], [4, 7]]]]
[[[6, [0, 7]], [0, 9]], [4, [9, [9, 0]]]]
[[[7, [6, 4]], [3, [1, 3]]], [[[5, 5], 1], 9]]
[[6, [[7, 3], [3, 2]]], [[[3, 8], [5, 7]], 4]]
[[[[5, 4], [7, 7]], 8], [[8, 3], 8]]
[[9, 3], [[9, 9], [6, [4, 9]]]]
[[2, [[7, 7], 7]], [[5, 8], [[9, 3], [0, 2]]]]
[[[[5, 2], 5], [8, [3, 7]]], [[5, [7, 5]], [4, 4]]]
True

[[6, [[7, 3], [3, 2]]], [[[3, 8], [5, 7]], 4]] [[[[5, 2], 5], [8, [3, 7]]], [[5, [7, 5]], [4, 4]]]
True
[[[0, [5, 8]], [[1, 7], [9, 6]]], [[4, [1, 2]], [[1, 4], 2]]]
[[[5, [2, 8]], 4], [5, [[9, 9], 0]]]
[6, [[[6, 2], [5, 6]], [[7, 6], [4, 7]]]]
[[[6, [0, 7]], [0, 9]], [4, [9, [9, 0]]]]
[[[7, [6, 4]], [3, [1, 3]]], [[[5, 5], 1], 9]]
[[6, [[7, 3], [3, 2]]], [[[3, 8], [5, 7]], 4]]
[[[[5, 4], [7, 7]], 8], [[8, 3], 8]]
[[9, 3], [[9, 9], [6, [4, 9]]]]
[[2, [[7, 7], 7]], [[5, 8], [[9, 3], [0, 2]]]]
[[[[5, 2], 5], [8, [3, 7]]], [[5, [7, 5]], [4, 4]]]
True

[[[[5, 4], [7, 7]], 8], [[8, 3], 8]] [[[0, [5, 8]], [[1, 7], [9, 6]]], [[4, [1, 2]], [[1, 4], 2]]]
True
[[[0, [5, 8]], [[1, 7], [9, 6]]], [[4, [1, 2]], [[1, 4], 2]]]
[[[5, [2, 8]], 4], [5, [[9, 9], 0]]]
[6, [[[6, 2], [5, 6]], [[7, 6], [4, 7]]]]
[[[6, [0, 7]], [0, 9]], [4, [9, [9, 0]]]]
[[[7, [6, 4]], [3, [1, 3]]], [[[5, 5], 1], 9]]
[[6, [[7, 3], [3, 2]]], [[[3, 8], [5, 7]], 4]]
[[[[5, 4], [7, 7]], 8], [[8, 3], 8]]
[[9, 3], [[9, 9], [6, [4, 9]]]]
[[2, [[7, 7], 7]], [[5, 8], [[9, 3], [0, 2]]]]
[[[[5, 2], 5], [8, [3, 7]]], [[5, [7, 5]], [4, 4]]]
True

[[[[5, 4], [7, 7]], 8], [[8, 3], 8]] [[[5, [2, 8]], 4], [5, [[9, 9], 0]]]
True
[[[0, [5, 8]], [[1, 7], [9, 6]]], [[4, [1, 2]], [[1, 4], 2]]]
[[[5, [2, 8]], 4], [5, [[9, 9], 0]]]
[6, [[[6, 2], [5, 6]], [[7, 6], [4, 7]]]]
[[[6, [0, 7]], [0, 9]], [4, [9, [9, 0]]]]
[[[7, [6, 4]], [3, [1, 3]]], [[[5, 5], 1], 9]]
[[6, [[7, 3], [3, 2]]], [[[3, 8], [5, 7]], 4]]
[[[[5, 4], [7, 7]], 8], [[8, 3], 8]]
[[9, 3], [[9, 9], [6, [4, 9]]]]
[[2, [[7, 7], 7]], [[5, 8], [[9, 3], [0, 2]]]]
[[[[5, 2], 5], [8, [3, 7]]], [[5, [7, 5]], [4, 4]]]
True

[[[[5, 4], [7, 7]], 8], [[8, 3], 8]] [6, [[[6, 2], [5, 6]], [[7, 6], [4, 7]]]]
True
[[[0, [5, 8]], [[1, 7], [9, 6]]], [[4, [1, 2]], [[1, 4], 2]]]
[[[5, [2, 8]], 4], [5, [[9, 9], 0]]]
[6, [[[6, 2], [5, 6]], [[7, 6], [4, 7]]]]
[[[6, [0, 7]], [0, 9]], [4, [9, [9, 0]]]]
[[[7, [6, 4]], [3, [1, 3]]], [[[5, 5], 1], 9]]
[[6, [[7, 3], [3, 2]]], [[[3, 8], [5, 7]], 4]]
[[[[5, 4], [7, 7]], 8], [[8, 3], 8]]
[[9, 3], [[9, 9], [6, [4, 9]]]]
[[2, [[7, 7], 7]], [[5, 8], [[9, 3], [0, 2]]]]
[[[[5, 2], 5], [8, [3, 7]]], [[5, [7, 5]], [4, 4]]]
True

[[[[5, 4], [7, 7]], 8], [[8, 3], 8]] [[[6, [0, 7]], [0, 9]], [4, [9, [9, 0]]]]
True
[[[0, [5, 8]], [[1, 7], [9, 6]]], [[4, [1, 2]], [[1, 4], 2]]]
[[[5, [2, 8]], 4], [5, [[9, 9], 0]]]
[6, [[[6, 2], [5, 6]], [[7, 6], [4, 7]]]]
[[[6, [0, 7]], [0, 9]], [4, [9, [9, 0]]]]
[[[7, [6, 4]], [3, [1, 3]]], [[[5, 5], 1], 9]]
[[6, [[7, 3], [3, 2]]], [[[3, 8], [5, 7]], 4]]
[[[[5, 4], [7, 7]], 8], [[8, 3], 8]]
[[9, 3], [[9, 9], [6, [4, 9]]]]
[[2, [[7, 7], 7]], [[5, 8], [[9, 3], [0, 2]]]]
[[[[5, 2], 5], [8, [3, 7]]], [[5, [7, 5]], [4, 4]]]
True

[[[[5, 4], [7, 7]], 8], [[8, 3], 8]] [[[7, [6, 4]], [3, [1, 3]]], [[[5, 5], 1], 9]]
True
[[[0, [5, 8]], [[1, 7], [9, 6]]], [[4, [1, 2]], [[1, 4], 2]]]
[[[5, [2, 8]], 4], [5, [[9, 9], 0]]]
[6, [[[6, 2], [5, 6]], [[7, 6], [4, 7]]]]
[[[6, [0, 7]], [0, 9]], [4, [9, [9, 0]]]]
[[[7, [6, 4]], [3, [1, 3]]], [[[5, 5], 1], 9]]
[[6, [[7, 3], [3, 2]]], [[[3, 8], [5, 7]], 4]]
[[[[5, 4], [7, 7]], 8], [[8, 3], 8]]
[[9, 3], [[9, 9], [6, [4, 9]]]]
[[2, [[7, 7], 7]], [[5, 8], [[9, 3], [0, 2]]]]
[[[[5, 2], 5], [8, [3, 7]]], [[5, [7, 5]], [4, 4]]]
True

[[[[5, 4], [7, 7]], 8], [[8, 3], 8]] [[6, [[7, 3], [3, 2]]], [[[3, 8], [5, 7]], 4]]
True
[[[0, [5, 8]], [[1, 7], [9, 6]]], [[4, [1, 2]], [[1, 4], 2]]]
[[[5, [2, 8]], 4], [5, [[9, 9], 0]]]
[6, [[[6, 2], [5, 6]], [[7, 6], [4, 7]]]]
[[[6, [0, 7]], [0, 9]], [4, [9, [9, 0]]]]
[[[7, [6, 4]], [3, [1, 3]]], [[[5, 5], 1], 9]]
[[6, [[7, 3], [3, 2]]], [[[3, 8], [5, 7]], 4]]
[[[[5, 4], [7, 7]], 8], [[8, 3], 8]]
[[9, 3], [[9, 9], [6, [4, 9]]]]
[[2, [[7, 7], 7]], [[5, 8], [[9, 3], [0, 2]]]]
[[[[5, 2], 5], [8, [3, 7]]], [[5, [7, 5]], [4, 4]]]
True

[[[[5, 4], [7, 7]], 8], [[8, 3], 8]] [[9, 3], [[9, 9], [6, [4, 9]]]]
True
[[[0, [5, 8]], [[1, 7], [9, 6]]], [[4, [1, 2]], [[1, 4], 2]]]
[[[5, [2, 8]], 4], [5, [[9, 9], 0]]]
[6, [[[6, 2], [5, 6]], [[7, 6], [4, 7]]]]
[[[6, [0, 7]], [0, 9]], [4, [9, [9, 0]]]]
[[[7, [6, 4]], [3, [1, 3]]], [[[5, 5], 1], 9]]
[[6, [[7, 3], [3, 2]]], [[[3, 8], [5, 7]], 4]]
[[[[5, 4], [7, 7]], 8], [[8, 3], 8]]
[[9, 3], [[9, 9], [6, [4, 9]]]]
[[2, [[7, 7], 7]], [[5, 8], [[9, 3], [0, 2]]]]
[[[[5, 2], 5], [8, [3, 7]]], [[5, [7, 5]], [4, 4]]]
True

[[[[5, 4], [7, 7]], 8], [[8, 3], 8]] [[2, [[7, 7], 7]], [[5, 8], [[9, 3], [0, 2]]]]
True
[[[0, [5, 8]], [[1, 7], [9, 6]]], [[4, [1, 2]], [[1, 4], 2]]]
[[[5, [2, 8]], 4], [5, [[9, 9], 0]]]
[6, [[[6, 2], [5, 6]], [[7, 6], [4, 7]]]]
[[[6, [0, 7]], [0, 9]], [4, [9, [9, 0]]]]
[[[7, [6, 4]], [3, [1, 3]]], [[[5, 5], 1], 9]]
[[6, [[7, 3], [3, 2]]], [[[3, 8], [5, 7]], 4]]
[[[[5, 4], [7, 7]], 8], [[8, 3], 8]]
[[9, 3], [[9, 9], [6, [4, 9]]]]
[[2, [[7, 7], 7]], [[5, 8], [[9, 3], [0, 2]]]]
[[[[5, 2], 5], [8, [3, 7]]], [[5, [7, 5]], [4, 4]]]
True

[[[[5, 4], [7, 7]], 8], [[8, 3], 8]] [[[[5, 2], 5], [8, [3, 7]]], [[5, [7, 5]], [4, 4]]]
True
[[[0, [5, 8]], [[1, 7], [9, 6]]], [[4, [1, 2]], [[1, 4], 2]]]
[[[5, [2, 8]], 4], [5, [[9, 9], 0]]]
[6, [[[6, 2], [5, 6]], [[7, 6], [4, 7]]]]
[[[6, [0, 7]], [0, 9]], [4, [9, [9, 0]]]]
[[[7, [6, 4]], [3, [1, 3]]], [[[5, 5], 1], 9]]
[[6, [[7, 3], [3, 2]]], [[[3, 8], [5, 7]], 4]]
[[[[5, 4], [7, 7]], 8], [[8, 3], 8]]
[[9, 3], [[9, 9], [6, [4, 9]]]]
[[2, [[7, 7], 7]], [[5, 8], [[9, 3], [0, 2]]]]
[[[[5, 2], 5], [8, [3, 7]]], [[5, [7, 5]], [4, 4]]]
True

[[9, 3], [[9, 9], [6, [4, 9]]]] [[[0, [5, 8]], [[1, 7], [9, 6]]], [[4, [1, 2]], [[1, 4], 2]]]
True
[[[0, [5, 8]], [[1, 7], [9, 6]]], [[4, [1, 2]], [[1, 4], 2]]]
[[[5, [2, 8]], 4], [5, [[9, 9], 0]]]
[6, [[[6, 2], [5, 6]], [[7, 6], [4, 7]]]]
[[[6, [0, 7]], [0, 9]], [4, [9, [9, 0]]]]
[[[7, [6, 4]], [3, [1, 3]]], [[[5, 5], 1], 9]]
[[6, [[7, 3], [3, 2]]], [[[3, 8], [5, 7]], 4]]
[[[[5, 4], [7, 7]], 8], [[8, 3], 8]]
[[9, 3], [[9, 9], [6, [4, 9]]]]
[[2, [[7, 7], 7]], [[5, 8], [[9, 3], [0, 2]]]]
[[[[5, 2], 5], [8, [3, 7]]], [[5, [7, 5]], [4, 4]]]
True

[[9, 3], [[9, 9], [6, [4, 9]]]] [[[5, [2, 8]], 4], [5, [[9, 9], 0]]]
True
[[[0, [5, 8]], [[1, 7], [9, 6]]], [[4, [1, 2]], [[1, 4], 2]]]
[[[5, [2, 8]], 4], [5, [[9, 9], 0]]]
[6, [[[6, 2], [5, 6]], [[7, 6], [4, 7]]]]
[[[6, [0, 7]], [0, 9]], [4, [9, [9, 0]]]]
[[[7, [6, 4]], [3, [1, 3]]], [[[5, 5], 1], 9]]
[[6, [[7, 3], [3, 2]]], [[[3, 8], [5, 7]], 4]]
[[[[5, 4], [7, 7]], 8], [[8, 3], 8]]
[[9, 3], [[9, 9], [6, [4, 9]]]]
[[2, [[7, 7], 7]], [[5, 8], [[9, 3], [0, 2]]]]
[[[[5, 2], 5], [8, [3, 7]]], [[5, [7, 5]], [4, 4]]]
True

[[9, 3], [[9, 9], [6, [4, 9]]]] [6, [[[6, 2], [5, 6]], [[7, 6], [4, 7]]]]
True
[[[0, [5, 8]], [[1, 7], [9, 6]]], [[4, [1, 2]], [[1, 4], 2]]]
[[[5, [2, 8]], 4], [5, [[9, 9], 0]]]
[6, [[[6, 2], [5, 6]], [[7, 6], [4, 7]]]]
[[[6, [0, 7]], [0, 9]], [4, [9, [9, 0]]]]
[[[7, [6, 4]], [3, [1, 3]]], [[[5, 5], 1], 9]]
[[6, [[7, 3], [3, 2]]], [[[3, 8], [5, 7]], 4]]
[[[[5, 4], [7, 7]], 8], [[8, 3], 8]]
[[9, 3], [[9, 9], [6, [4, 9]]]]
[[2, [[7, 7], 7]], [[5, 8], [[9, 3], [0, 2]]]]
[[[[5, 2], 5], [8, [3, 7]]], [[5, [7, 5]], [4, 4]]]
True

[[9, 3], [[9, 9], [6, [4, 9]]]] [[[6, [0, 7]], [0, 9]], [4, [9, [9, 0]]]]
True
[[[0, [5, 8]], [[1, 7], [9, 6]]], [[4, [1, 2]], [[1, 4], 2]]]
[[[5, [2, 8]], 4], [5, [[9, 9], 0]]]
[6, [[[6, 2], [5, 6]], [[7, 6], [4, 7]]]]
[[[6, [0, 7]], [0, 9]], [4, [9, [9, 0]]]]
[[[7, [6, 4]], [3, [1, 3]]], [[[5, 5], 1], 9]]
[[6, [[7, 3], [3, 2]]], [[[3, 8], [5, 7]], 4]]
[[[[5, 4], [7, 7]], 8], [[8, 3], 8]]
[[9, 3], [[9, 9], [6, [4, 9]]]]
[[2, [[7, 7], 7]], [[5, 8], [[9, 3], [0, 2]]]]
[[[[5, 2], 5], [8, [3, 7]]], [[5, [7, 5]], [4, 4]]]
True

[[9, 3], [[9, 9], [6, [4, 9]]]] [[[7, [6, 4]], [3, [1, 3]]], [[[5, 5], 1], 9]]
True
[[[0, [5, 8]], [[1, 7], [9, 6]]], [[4, [1, 2]], [[1, 4], 2]]]
[[[5, [2, 8]], 4], [5, [[9, 9], 0]]]
[6, [[[6, 2], [5, 6]], [[7, 6], [4, 7]]]]
[[[6, [0, 7]], [0, 9]], [4, [9, [9, 0]]]]
[[[7, [6, 4]], [3, [1, 3]]], [[[5, 5], 1], 9]]
[[6, [[7, 3], [3, 2]]], [[[3, 8], [5, 7]], 4]]
[[[[5, 4], [7, 7]], 8], [[8, 3], 8]]
[[9, 3], [[9, 9], [6, [4, 9]]]]
[[2, [[7, 7], 7]], [[5, 8], [[9, 3], [0, 2]]]]
[[[[5, 2], 5], [8, [3, 7]]], [[5, [7, 5]], [4, 4]]]
True

[[9, 3], [[9, 9], [6, [4, 9]]]] [[6, [[7, 3], [3, 2]]], [[[3, 8], [5, 7]], 4]]
True
[[[0, [5, 8]], [[1, 7], [9, 6]]], [[4, [1, 2]], [[1, 4], 2]]]
[[[5, [2, 8]], 4], [5, [[9, 9], 0]]]
[6, [[[6, 2], [5, 6]], [[7, 6], [4, 7]]]]
[[[6, [0, 7]], [0, 9]], [4, [9, [9, 0]]]]
[[[7, [6, 4]], [3, [1, 3]]], [[[5, 5], 1], 9]]
[[6, [[7, 3], [3, 2]]], [[[3, 8], [5, 7]], 4]]
[[[[5, 4], [7, 7]], 8], [[8, 3], 8]]
[[9, 3], [[9, 9], [6, [4, 9]]]]
[[2, [[7, 7], 7]], [[5, 8], [[9, 3], [0, 2]]]]
[[[[5, 2], 5], [8, [3, 7]]], [[5, [7, 5]], [4, 4]]]
True

[[9, 3], [[9, 9], [6, [4, 9]]]] [[[[5, 4], [7, 7]], 8], [[8, 3], 8]]
True
[[[0, [5, 8]], [[1, 7], [9, 6]]], [[4, [1, 2]], [[1, 4], 2]]]
[[[5, [2, 8]], 4], [5, [[9, 9], 0]]]
[6, [[[6, 2], [5, 6]], [[7, 6], [4, 7]]]]
[[[6, [0, 7]], [0, 9]], [4, [9, [9, 0]]]]
[[[7, [6, 4]], [3, [1, 3]]], [[[5, 5], 1], 9]]
[[6, [[7, 3], [3, 2]]], [[[3, 8], [5, 7]], 4]]
[[[[5, 4], [7, 7]], 8], [[8, 3], 8]]
[[9, 3], [[9, 9], [6, [4, 9]]]]
[[2, [[7, 7], 7]], [[5, 8], [[9, 3], [0, 2]]]]
[[[[5, 2], 5], [8, [3, 7]]], [[5, [7, 5]], [4, 4]]]
True

[[9, 3], [[9, 9], [6, [4, 9]]]] [[2, [[7, 7], 7]], [[5, 8], [[9, 3], [0, 2]]]]
True
[[[0, [5, 8]], [[1, 7], [9, 6]]], [[4, [1, 2]], [[1, 4], 2]]]
[[[5, [2, 8]], 4], [5, [[9, 9], 0]]]
[6, [[[6, 2], [5, 6]], [[7, 6], [4, 7]]]]
[[[6, [0, 7]], [0, 9]], [4, [9, [9, 0]]]]
[[[7, [6, 4]], [3, [1, 3]]], [[[5, 5], 1], 9]]
[[6, [[7, 3], [3, 2]]], [[[3, 8], [5, 7]], 4]]
[[[[5, 4], [7, 7]], 8], [[8, 3], 8]]
[[9, 3], [[9, 9], [6, [4, 9]]]]
[[2, [[7, 7], 7]], [[5, 8], [[9, 3], [0, 2]]]]
[[[[5, 2], 5], [8, [3, 7]]], [[5, [7, 5]], [4, 4]]]
True

[[9, 3], [[9, 9], [6, [4, 9]]]] [[[[5, 2], 5], [8, [3, 7]]], [[5, [7, 5]], [4, 4]]]
True
[[[0, [5, 8]], [[1, 7], [9, 6]]], [[4, [1, 2]], [[1, 4], 2]]]
[[[5, [2, 8]], 4], [5, [[9, 9], 0]]]
[6, [[[6, 2], [5, 6]], [[7, 6], [4, 7]]]]
[[[6, [0, 7]], [0, 9]], [4, [9, [9, 0]]]]
[[[7, [6, 4]], [3, [1, 3]]], [[[5, 5], 1], 9]]
[[6, [[7, 3], [3, 2]]], [[[3, 8], [5, 7]], 4]]
[[[[5, 4], [7, 7]], 8], [[8, 3], 8]]
[[9, 3], [[9, 9], [6, [4, 9]]]]
[[2, [[7, 7], 7]], [[5, 8], [[9, 3], [0, 2]]]]
[[[[5, 2], 5], [8, [3, 7]]], [[5, [7, 5]], [4, 4]]]
True

[[2, [[7, 7], 7]], [[5, 8], [[9, 3], [0, 2]]]] [[[0, [5, 8]], [[1, 7], [9, 6]]], [[4, [1, 2]], [[1, 4], 2]]]
True
[[[0, [5, 8]], [[1, 7], [9, 6]]], [[4, [1, 2]], [[1, 4], 2]]]
[[[5, [2, 8]], 4], [5, [[9, 9], 0]]]
[6, [[[6, 2], [5, 6]], [[7, 6], [4, 7]]]]
[[[6, [0, 7]], [0, 9]], [4, [9, [9, 0]]]]
[[[7, [6, 4]], [3, [1, 3]]], [[[5, 5], 1], 9]]
[[6, [[7, 3], [3, 2]]], [[[3, 8], [5, 7]], 4]]
[[[[5, 4], [7, 7]], 8], [[8, 3], 8]]
[[9, 3], [[9, 9], [6, [4, 9]]]]
[[2, [[7, 7], 7]], [[5, 8], [[9, 3], [0, 2]]]]
[[[[5, 2], 5], [8, [3, 7]]], [[5, [7, 5]], [4, 4]]]
True

[[2, [[7, 7], 7]], [[5, 8], [[9, 3], [0, 2]]]] [[[5, [2, 8]], 4], [5, [[9, 9], 0]]]
True
[[[0, [5, 8]], [[1, 7], [9, 6]]], [[4, [1, 2]], [[1, 4], 2]]]
[[[5, [2, 8]], 4], [5, [[9, 9], 0]]]
[6, [[[6, 2], [5, 6]], [[7, 6], [4, 7]]]]
[[[6, [0, 7]], [0, 9]], [4, [9, [9, 0]]]]
[[[7, [6, 4]], [3, [1, 3]]], [[[5, 5], 1], 9]]
[[6, [[7, 3], [3, 2]]], [[[3, 8], [5, 7]], 4]]
[[[[5, 4], [7, 7]], 8], [[8, 3], 8]]
[[9, 3], [[9, 9], [6, [4, 9]]]]
[[2, [[7, 7], 7]], [[5, 8], [[9, 3], [0, 2]]]]
[[[[5, 2], 5], [8, [3, 7]]], [[5, [7, 5]], [4, 4]]]
True

[[2, [[7, 7], 7]], [[5, 8], [[9, 3], [0, 2]]]] [6, [[[6, 2], [5, 6]], [[7, 6], [4, 7]]]]
True
[[[0, [5, 8]], [[1, 7], [9, 6]]], [[4, [1, 2]], [[1, 4], 2]]]
[[[5, [2, 8]], 4], [5, [[9, 9], 0]]]
[6, [[[6, 2], [5, 6]], [[7, 6], [4, 7]]]]
[[[6, [0, 7]], [0, 9]], [4, [9, [9, 0]]]]
[[[7, [6, 4]], [3, [1, 3]]], [[[5, 5], 1], 9]]
[[6, [[7, 3], [3, 2]]], [[[3, 8], [5, 7]], 4]]
[[[[5, 4], [7, 7]], 8], [[8, 3], 8]]
[[9, 3], [[9, 9], [6, [4, 9]]]]
[[2, [[7, 7], 7]], [[5, 8], [[9, 3], [0, 2]]]]
[[[[5, 2], 5], [8, [3, 7]]], [[5, [7, 5]], [4, 4]]]
True

[[2, [[7, 7], 7]], [[5, 8], [[9, 3], [0, 2]]]] [[[6, [0, 7]], [0, 9]], [4, [9, [9, 0]]]]
True
[[[0, [5, 8]], [[1, 7], [9, 6]]], [[4, [1, 2]], [[1, 4], 2]]]
[[[5, [2, 8]], 4], [5, [[9, 9], 0]]]
[6, [[[6, 2], [5, 6]], [[7, 6], [4, 7]]]]
[[[6, [0, 7]], [0, 9]], [4, [9, [9, 0]]]]
[[[7, [6, 4]], [3, [1, 3]]], [[[5, 5], 1], 9]]
[[6, [[7, 3], [3, 2]]], [[[3, 8], [5, 7]], 4]]
[[[[5, 4], [7, 7]], 8], [[8, 3], 8]]
[[9, 3], [[9, 9], [6, [4, 9]]]]
[[2, [[7, 7], 7]], [[5, 8], [[9, 3], [0, 2]]]]
[[[[5, 2], 5], [8, [3, 7]]], [[5, [7, 5]], [4, 4]]]
True

[[2, [[7, 7], 7]], [[5, 8], [[9, 3], [0, 2]]]] [[[7, [6, 4]], [3, [1, 3]]], [[[5, 5], 1], 9]]
True
[[[0, [5, 8]], [[1, 7], [9, 6]]], [[4, [1, 2]], [[1, 4], 2]]]
[[[5, [2, 8]], 4], [5, [[9, 9], 0]]]
[6, [[[6, 2], [5, 6]], [[7, 6], [4, 7]]]]
[[[6, [0, 7]], [0, 9]], [4, [9, [9, 0]]]]
[[[7, [6, 4]], [3, [1, 3]]], [[[5, 5], 1], 9]]
[[6, [[7, 3], [3, 2]]], [[[3, 8], [5, 7]], 4]]
[[[[5, 4], [7, 7]], 8], [[8, 3], 8]]
[[9, 3], [[9, 9], [6, [4, 9]]]]
[[2, [[7, 7], 7]], [[5, 8], [[9, 3], [0, 2]]]]
[[[[5, 2], 5], [8, [3, 7]]], [[5, [7, 5]], [4, 4]]]
True

[[2, [[7, 7], 7]], [[5, 8], [[9, 3], [0, 2]]]] [[6, [[7, 3], [3, 2]]], [[[3, 8], [5, 7]], 4]]
True
[[[0, [5, 8]], [[1, 7], [9, 6]]], [[4, [1, 2]], [[1, 4], 2]]]
[[[5, [2, 8]], 4], [5, [[9, 9], 0]]]
[6, [[[6, 2], [5, 6]], [[7, 6], [4, 7]]]]
[[[6, [0, 7]], [0, 9]], [4, [9, [9, 0]]]]
[[[7, [6, 4]], [3, [1, 3]]], [[[5, 5], 1], 9]]
[[6, [[7, 3], [3, 2]]], [[[3, 8], [5, 7]], 4]]
[[[[5, 4], [7, 7]], 8], [[8, 3], 8]]
[[9, 3], [[9, 9], [6, [4, 9]]]]
[[2, [[7, 7], 7]], [[5, 8], [[9, 3], [0, 2]]]]
[[[[5, 2], 5], [8, [3, 7]]], [[5, [7, 5]], [4, 4]]]
True

[[2, [[7, 7], 7]], [[5, 8], [[9, 3], [0, 2]]]] [[[[5, 4], [7, 7]], 8], [[8, 3], 8]]
True
[[[0, [5, 8]], [[1, 7], [9, 6]]], [[4, [1, 2]], [[1, 4], 2]]]
[[[5, [2, 8]], 4], [5, [[9, 9], 0]]]
[6, [[[6, 2], [5, 6]], [[7, 6], [4, 7]]]]
[[[6, [0, 7]], [0, 9]], [4, [9, [9, 0]]]]
[[[7, [6, 4]], [3, [1, 3]]], [[[5, 5], 1], 9]]
[[6, [[7, 3], [3, 2]]], [[[3, 8], [5, 7]], 4]]
[[[[5, 4], [7, 7]], 8], [[8, 3], 8]]
[[9, 3], [[9, 9], [6, [4, 9]]]]
[[2, [[7, 7], 7]], [[5, 8], [[9, 3], [0, 2]]]]
[[[[5, 2], 5], [8, [3, 7]]], [[5, [7, 5]], [4, 4]]]
True

[[2, [[7, 7], 7]], [[5, 8], [[9, 3], [0, 2]]]] [[9, 3], [[9, 9], [6, [4, 9]]]]
True
[[[0, [5, 8]], [[1, 7], [9, 6]]], [[4, [1, 2]], [[1, 4], 2]]]
[[[5, [2, 8]], 4], [5, [[9, 9], 0]]]
[6, [[[6, 2], [5, 6]], [[7, 6], [4, 7]]]]
[[[6, [0, 7]], [0, 9]], [4, [9, [9, 0]]]]
[[[7, [6, 4]], [3, [1, 3]]], [[[5, 5], 1], 9]]
[[6, [[7, 3], [3, 2]]], [[[3, 8], [5, 7]], 4]]
[[[[5, 4], [7, 7]], 8], [[8, 3], 8]]
[[9, 3], [[9, 9], [6, [4, 9]]]]
[[2, [[7, 7], 7]], [[5, 8], [[9, 3], [0, 2]]]]
[[[[5, 2], 5], [8, [3, 7]]], [[5, [7, 5]], [4, 4]]]
True

[[2, [[7, 7], 7]], [[5, 8], [[9, 3], [0, 2]]]] [[[[5, 2], 5], [8, [3, 7]]], [[5, [7, 5]], [4, 4]]]
True
[[[0, [5, 8]], [[1, 7], [9, 6]]], [[4, [1, 2]], [[1, 4], 2]]]
[[[5, [2, 8]], 4], [5, [[9, 9], 0]]]
[6, [[[6, 2], [5, 6]], [[7, 6], [4, 7]]]]
[[[6, [0, 7]], [0, 9]], [4, [9, [9, 0]]]]
[[[7, [6, 4]], [3, [1, 3]]], [[[5, 5], 1], 9]]
[[6, [[7, 3], [3, 2]]], [[[3, 8], [5, 7]], 4]]
[[[[5, 4], [7, 7]], 8], [[8, 3], 8]]
[[9, 3], [[9, 9], [6, [4, 9]]]]
[[2, [[7, 7], 7]], [[5, 8], [[9, 3], [0, 2]]]]
[[[[5, 2], 5], [8, [3, 7]]], [[5, [7, 5]], [4, 4]]]
True

[[[[5, 2], 5], [8, [3, 7]]], [[5, [7, 5]], [4, 4]]] [[[0, [5, 8]], [[1, 7], [9, 6]]], [[4, [1, 2]], [[1, 4], 2]]]
True
[[[0, [5, 8]], [[1, 7], [9, 6]]], [[4, [1, 2]], [[1, 4], 2]]]
[[[5, [2, 8]], 4], [5, [[9, 9], 0]]]
[6, [[[6, 2], [5, 6]], [[7, 6], [4, 7]]]]
[[[6, [0, 7]], [0, 9]], [4, [9, [9, 0]]]]
[[[7, [6, 4]], [3, [1, 3]]], [[[5, 5], 1], 9]]
[[6, [[7, 3], [3, 2]]], [[[3, 8], [5, 7]], 4]]
[[[[5, 4], [7, 7]], 8], [[8, 3], 8]]
[[9, 3], [[9, 9], [6, [4, 9]]]]
[[2, [[7, 7], 7]], [[5, 8], [[9, 3], [0, 2]]]]
[[[[5, 2], 5], [8, [3, 7]]], [[5, [7, 5]], [4, 4]]]
True

[[[[5, 2], 5], [8, [3, 7]]], [[5, [7, 5]], [4, 4]]] [[[5, [2, 8]], 4], [5, [[9, 9], 0]]]
True
[[[0, [5, 8]], [[1, 7], [9, 6]]], [[4, [1, 2]], [[1, 4], 2]]]
[[[5, [2, 8]], 4], [5, [[9, 9], 0]]]
[6, [[[6, 2], [5, 6]], [[7, 6], [4, 7]]]]
[[[6, [0, 7]], [0, 9]], [4, [9, [9, 0]]]]
[[[7, [6, 4]], [3, [1, 3]]], [[[5, 5], 1], 9]]
[[6, [[7, 3], [3, 2]]], [[[3, 8], [5, 7]], 4]]
[[[[5, 4], [7, 7]], 8], [[8, 3], 8]]
[[9, 3], [[9, 9], [6, [4, 9]]]]
[[2, [[7, 7], 7]], [[5, 8], [[9, 3], [0, 2]]]]
[[[[5, 2], 5], [8, [3, 7]]], [[5, [7, 5]], [4, 4]]]
True

[[[[5, 2], 5], [8, [3, 7]]], [[5, [7, 5]], [4, 4]]] [6, [[[6, 2], [5, 6]], [[7, 6], [4, 7]]]]
True
[[[0, [5, 8]], [[1, 7], [9, 6]]], [[4, [1, 2]], [[1, 4], 2]]]
[[[5, [2, 8]], 4], [5, [[9, 9], 0]]]
[6, [[[6, 2], [5, 6]], [[7, 6], [4, 7]]]]
[[[6, [0, 7]], [0, 9]], [4, [9, [9, 0]]]]
[[[7, [6, 4]], [3, [1, 3]]], [[[5, 5], 1], 9]]
[[6, [[7, 3], [3, 2]]], [[[3, 8], [5, 7]], 4]]
[[[[5, 4], [7, 7]], 8], [[8, 3], 8]]
[[9, 3], [[9, 9], [6, [4, 9]]]]
[[2, [[7, 7], 7]], [[5, 8], [[9, 3], [0, 2]]]]
[[[[5, 2], 5], [8, [3, 7]]], [[5, [7, 5]], [4, 4]]]
True

[[[[5, 2], 5], [8, [3, 7]]], [[5, [7, 5]], [4, 4]]] [[[6, [0, 7]], [0, 9]], [4, [9, [9, 0]]]]
True
[[[0, [5, 8]], [[1, 7], [9, 6]]], [[4, [1, 2]], [[1, 4], 2]]]
[[[5, [2, 8]], 4], [5, [[9, 9], 0]]]
[6, [[[6, 2], [5, 6]], [[7, 6], [4, 7]]]]
[[[6, [0, 7]], [0, 9]], [4, [9, [9, 0]]]]
[[[7, [6, 4]], [3, [1, 3]]], [[[5, 5], 1], 9]]
[[6, [[7, 3], [3, 2]]], [[[3, 8], [5, 7]], 4]]
[[[[5, 4], [7, 7]], 8], [[8, 3], 8]]
[[9, 3], [[9, 9], [6, [4, 9]]]]
[[2, [[7, 7], 7]], [[5, 8], [[9, 3], [0, 2]]]]
[[[[5, 2], 5], [8, [3, 7]]], [[5, [7, 5]], [4, 4]]]
True

[[[[5, 2], 5], [8, [3, 7]]], [[5, [7, 5]], [4, 4]]] [[[7, [6, 4]], [3, [1, 3]]], [[[5, 5], 1], 9]]
True
[[[0, [5, 8]], [[1, 7], [9, 6]]], [[4, [1, 2]], [[1, 4], 2]]]
[[[5, [2, 8]], 4], [5, [[9, 9], 0]]]
[6, [[[6, 2], [5, 6]], [[7, 6], [4, 7]]]]
[[[6, [0, 7]], [0, 9]], [4, [9, [9, 0]]]]
[[[7, [6, 4]], [3, [1, 3]]], [[[5, 5], 1], 9]]
[[6, [[7, 3], [3, 2]]], [[[3, 8], [5, 7]], 4]]
[[[[5, 4], [7, 7]], 8], [[8, 3], 8]]
[[9, 3], [[9, 9], [6, [4, 9]]]]
[[2, [[7, 7], 7]], [[5, 8], [[9, 3], [0, 2]]]]
[[[[5, 2], 5], [8, [3, 7]]], [[5, [7, 5]], [4, 4]]]
True

[[[[5, 2], 5], [8, [3, 7]]], [[5, [7, 5]], [4, 4]]] [[6, [[7, 3], [3, 2]]], [[[3, 8], [5, 7]], 4]]
True
[[[0, [5, 8]], [[1, 7], [9, 6]]], [[4, [1, 2]], [[1, 4], 2]]]
[[[5, [2, 8]], 4], [5, [[9, 9], 0]]]
[6, [[[6, 2], [5, 6]], [[7, 6], [4, 7]]]]
[[[6, [0, 7]], [0, 9]], [4, [9, [9, 0]]]]
[[[7, [6, 4]], [3, [1, 3]]], [[[5, 5], 1], 9]]
[[6, [[7, 3], [3, 2]]], [[[3, 8], [5, 7]], 4]]
[[[[5, 4], [7, 7]], 8], [[8, 3], 8]]
[[9, 3], [[9, 9], [6, [4, 9]]]]
[[2, [[7, 7], 7]], [[5, 8], [[9, 3], [0, 2]]]]
[[[[5, 2], 5], [8, [3, 7]]], [[5, [7, 5]], [4, 4]]]
True

[[[[5, 2], 5], [8, [3, 7]]], [[5, [7, 5]], [4, 4]]] [[[[5, 4], [7, 7]], 8], [[8, 3], 8]]
True
[[[0, [5, 8]], [[1, 7], [9, 6]]], [[4, [1, 2]], [[1, 4], 2]]]
[[[5, [2, 8]], 4], [5, [[9, 9], 0]]]
[6, [[[6, 2], [5, 6]], [[7, 6], [4, 7]]]]
[[[6, [0, 7]], [0, 9]], [4, [9, [9, 0]]]]
[[[7, [6, 4]], [3, [1, 3]]], [[[5, 5], 1], 9]]
[[6, [[7, 3], [3, 2]]], [[[3, 8], [5, 7]], 4]]
[[[[5, 4], [7, 7]], 8], [[8, 3], 8]]
[[9, 3], [[9, 9], [6, [4, 9]]]]
[[2, [[7, 7], 7]], [[5, 8], [[9, 3], [0, 2]]]]
[[[[5, 2], 5], [8, [3, 7]]], [[5, [7, 5]], [4, 4]]]
True

[[[[5, 2], 5], [8, [3, 7]]], [[5, [7, 5]], [4, 4]]] [[9, 3], [[9, 9], [6, [4, 9]]]]
True
[[[0, [5, 8]], [[1, 7], [9, 6]]], [[4, [1, 2]], [[1, 4], 2]]]
[[[5, [2, 8]], 4], [5, [[9, 9], 0]]]
[6, [[[6, 2], [5, 6]], [[7, 6], [4, 7]]]]
[[[6, [0, 7]], [0, 9]], [4, [9, [9, 0]]]]
[[[7, [6, 4]], [3, [1, 3]]], [[[5, 5], 1], 9]]
[[6, [[7, 3], [3, 2]]], [[[3, 8], [5, 7]], 4]]
[[[[5, 4], [7, 7]], 8], [[8, 3], 8]]
[[9, 3], [[9, 9], [6, [4, 9]]]]
[[2, [[7, 7], 7]], [[5, 8], [[9, 3], [0, 2]]]]
[[[[5, 2], 5], [8, [3, 7]]], [[5, [7, 5]], [4, 4]]]
True

[[[[5, 2], 5], [8, [3, 7]]], [[5, [7, 5]], [4, 4]]] [[2, [[7, 7], 7]], [[5, 8], [[9, 3], [0, 2]]]]
True
[[[0, [5, 8]], [[1, 7], [9, 6]]], [[4, [1, 2]], [[1, 4], 2]]]
[[[5, [2, 8]], 4], [5, [[9, 9], 0]]]
[6, [[[6, 2], [5, 6]], [[7, 6], [4, 7]]]]
[[[6, [0, 7]], [0, 9]], [4, [9, [9, 0]]]]
[[[7, [6, 4]], [3, [1, 3]]], [[[5, 5], 1], 9]]
[[6, [[7, 3], [3, 2]]], [[[3, 8], [5, 7]], 4]]
[[[[5, 4], [7, 7]], 8], [[8, 3], 8]]
[[9, 3], [[9, 9], [6, [4, 9]]]]
[[2, [[7, 7], 7]], [[5, 8], [[9, 3], [0, 2]]]]
[[[[5, 2], 5], [8, [3, 7]]], [[5, [7, 5]], [4, 4]]]
True
0 None
